-- Matriz entrante --
0.064 0.566 1.996 4.257 0.168 0.992 2.162 1.158 0.826 0.203 4.350 0.547 2.936 4.327 2.553 1.162 1.625 3.439 1.490 1.925 1.668 2.363 0.877 4.976 4.005 4.010 0.383 4.508 0.187 3.078 1.088 3.682 2.197 3.607 3.072 2.352 1.238 0.493 0.700 4.273 2.671 3.591 2.880 0.677 - 3.691 4.675 2.819 1.674 4.709 2.181 1.722 2.711 0.688 0.193 - 3.603 2.754 1.469 2.427 1.151 1.111 4.588 1.107 4.505 4.807 4.001 0.980 0.316 4.301 3.359 1.862 3.838 0.530 3.326 1.892 1.933 3.460 1.502 4.175 - 3.491 4.349 3.326 0.303 0.555 4.121 0.888 4.032 2.937 4.235 2.646 - 4.142 0.991 2.260 2.658 2.984 2.004 4.759 
2.109 3.863 4.759 4.214 1.725 4.307 3.100 4.465 0.979 2.770 3.875 1.118 1.615 1.616 0.331 3.853 4.229 4.146 0.744 3.793 1.871 - 4.286 3.259 2.139 4.083 4.978 4.454 4.612 3.730 - 4.220 0.200 0.683 1.529 4.481 3.132 1.143 - 3.426 3.586 4.946 0.570 4.688 0.299 3.139 4.620 4.193 4.490 1.668 2.048 2.030 2.286 4.009 3.665 0.896 1.567 2.569 1.619 - 1.482 2.652 4.916 0.472 2.065 4.273 0.354 3.710 2.731 2.207 4.154 3.206 2.601 2.995 0.059 2.639 2.589 1.373 4.630 2.011 3.091 2.309 4.211 4.701 3.144 0.546 0.553 2.964 0.856 1.961 0.278 0.800 0.168 1.303 2.145 1.031 4.652 1.194 4.485 - 
3.018 1.201 0.594 4.216 3.666 2.853 2.618 1.397 3.945 4.883 4.278 1.550 4.529 2.268 1.300 4.016 1.141 4.635 3.504 0.448 0.010 0.490 4.377 - 2.494 - 2.232 2.599 0.172 1.202 3.962 2.115 3.933 3.692 4.686 3.358 4.198 0.801 4.210 3.919 2.750 - 1.658 2.515 - 2.934 2.777 4.261 2.602 2.220 4.420 - 4.745 4.278 0.304 4.046 4.728 3.673 3.034 0.686 4.026 2.178 4.704 4.013 4.301 0.147 1.933 1.767 1.640 1.867 3.942 3.863 3.875 4.565 2.585 1.475 4.779 4.228 3.913 3.174 4.698 3.051 4.628 0.681 3.955 3.967 1.895 1.496 0.761 0.484 0.590 0.217 2.059 0.510 3.217 2.111 0.607 1.392 1.959 1.731 
1.125 0.784 - 1.009 2.728 3.843 0.627 1.116 4.547 2.753 3.175 1.958 0.923 0.247 2.268 2.306 0.057 0.906 3.051 0.280 1.458 0.870 2.124 2.751 2.966 3.491 2.818 0.788 3.149 2.317 0.178 0.051 4.656 1.075 3.204 1.723 0.948 0.671 2.360 3.204 3.697 3.504 2.189 4.237 1.054 4.193 3.360 4.732 0.962 0.888 2.365 2.190 1.246 1.686 4.651 0.061 2.972 1.431 3.704 1.393 3.828 4.628 4.317 1.511 4.599 0.154 1.603 2.173 0.550 3.334 0.382 2.260 1.894 4.418 2.941 2.837 2.012 3.290 0.929 4.200 1.706 0.616 1.400 0.246 1.980 3.351 4.343 0.025 2.518 3.364 1.511 1.350 2.312 - 3.306 4.471 1.653 2.138 4.667 0.662 
2.648 0.596 2.809 0.235 1.746 4.520 2.917 0.735 4.754 2.702 1.976 3.009 1.934 0.426 1.338 3.290 2.418 - 3.657 4.756 4.363 4.643 0.756 4.704 2.282 0.542 3.143 2.213 0.763 2.907 4.856 3.789 4.719 0.383 4.667 3.520 1.466 3.610 1.174 3.660 4.511 3.124 2.184 0.360 2.465 0.303 3.070 4.962 3.573 2.094 1.141 4.268 3.203 4.685 1.678 4.610 0.982 3.045 4.187 3.082 1.657 0.666 2.564 0.882 3.501 4.101 1.619 3.560 0.202 0.235 2.404 3.859 0.098 1.136 0.969 4.920 0.303 - 1.445 1.092 - 0.947 3.140 1.766 2.947 4.606 2.975 2.605 1.128 1.550 4.671 1.372 2.843 4.875 0.650 3.564 2.127 1.724 0.145 2.884 
3.798 0.607 2.358 3.137 1.884 0.324 0.190 0.619 3.673 1.387 3.488 3.683 2.497 3.603 1.927 1.057 3.824 3.327 1.960 3.164 1.522 0.362 3.489 2.094 0.613 2.813 - 1.976 4.668 1.497 0.995 1.094 1.493 4.565 2.973 1.305 2.100 3.161 4.562 2.278 0.486 0.041 4.496 1.264 4.315 1.390 3.418 1.811 1.784 1.764 2.323 4.481 4.325 2.032 4.507 2.583 3.815 1.808 4.142 2.357 4.298 1.967 3.526 0.411 2.860 4.478 3.398 3.750 2.422 2.849 0.247 0.658 2.921 0.008 4.305 - 3.218 0.020 1.985 1.742 0.225 4.630 0.671 4.778 2.857 0.754 0.459 4.924 3.082 4.783 1.678 3.079 3.766 0.487 2.338 2.265 4.590 4.163 2.548 2.954 
2.451 3.735 1.258 2.804 1.889 3.477 4.429 2.890 2.768 1.103 0.090 3.836 1.669 1.934 1.817 2.026 3.549 0.641 3.419 2.592 3.465 3.789 4.876 1.988 1.232 3.659 0.015 0.246 3.035 2.129 4.580 3.340 0.436 3.244 0.448 1.479 - 2.597 4.454 0.231 1.852 2.292 0.950 3.572 2.148 1.356 1.792 1.430 1.037 1.599 0.950 3.045 1.759 4.773 1.960 4.283 3.453 4.926 2.724 3.727 3.145 2.401 3.169 2.730 3.602 1.271 3.876 3.884 1.854 0.429 3.412 3.504 3.435 1.818 1.834 3.849 4.981 2.664 0.311 2.279 2.423 4.460 4.190 2.203 4.564 1.632 0.074 0.767 0.768 1.278 1.614 2.813 0.889 4.922 1.133 0.058 4.459 2.197 3.644 0.913 
1.134 0.894 3.245 0.360 1.630 0.130 1.042 2.994 0.587 2.549 4.812 0.523 0.620 3.863 1.885 3.431 4.435 4.938 3.865 3.013 4.379 2.743 0.833 4.638 - 3.158 2.923 0.210 4.109 0.473 0.048 4.321 3.578 1.978 1.528 1.698 0.302 0.773 2.803 1.824 2.772 3.288 2.656 3.846 3.899 0.257 1.920 3.483 0.384 3.378 1.267 2.922 3.674 4.920 2.399 - 3.887 3.911 3.664 1.000 3.957 2.833 - 0.809 1.946 3.891 4.785 2.795 0.731 2.949 0.245 1.121 3.855 0.440 4.174 2.841 3.412 3.027 0.758 4.075 3.186 3.151 3.513 3.827 3.734 1.312 1.718 - 4.925 3.519 4.999 3.524 1.480 0.062 2.729 0.257 0.441 3.668 1.143 2.871 
3.332 4.685 2.611 4.398 2.309 2.444 2.409 3.574 3.082 0.790 4.104 1.038 0.205 4.865 0.809 0.533 4.221 2.121 3.808 1.866 1.729 0.927 1.888 1.611 4.921 4.534 4.038 4.042 3.832 4.445 2.177 1.695 1.647 3.441 3.776 1.000 4.115 1.270 4.581 4.524 0.343 - 1.415 2.185 2.452 0.347 0.752 3.290 4.666 0.818 2.218 2.239 4.641 2.034 4.269 3.154 3.876 0.262 4.372 3.623 3.244 1.715 1.641 2.407 2.089 1.481 0.650 2.970 3.642 1.818 0.078 0.112 3.998 4.053 4.654 0.202 0.321 2.590 1.689 4.020 1.070 1.427 1.835 2.482 0.533 1.095 4.261 1.474 1.291 1.924 2.822 2.536 4.023 2.035 0.629 2.494 2.212 4.130 1.006 3.308 
0.652 4.982 0.886 4.187 1.557 1.580 2.495 2.722 1.711 0.082 2.691 1.323 2.936 3.269 3.263 1.735 3.135 2.768 4.439 1.127 1.988 0.550 3.622 4.993 2.830 0.486 0.384 2.340 0.380 3.720 3.885 4.559 4.388 1.953 0.684 - 4.210 0.120 2.506 4.097 2.455 1.789 0.544 0.378 2.096 0.045 2.079 1.839 2.215 2.226 - 3.729 0.960 2.092 4.901 4.799 - 3.370 0.041 0.059 3.679 1.671 4.493 4.306 0.264 - 3.255 2.345 0.997 3.924 3.508 2.806 1.662 0.658 1.942 - 2.974 4.376 0.180 0.442 1.460 4.670 2.115 2.343 0.541 2.793 2.891 2.112 4.527 1.068 4.225 0.791 0.297 3.395 4.745 4.290 0.247 1.062 4.161 0.186 
4.635 3.439 1.551 3.712 3.808 1.444 4.897 2.820 2.215 3.130 2.859 2.490 3.441 1.947 4.288 4.881 0.938 2.770 3.191 0.282 2.675 1.043 0.396 3.071 4.511 3.577 1.149 4.122 4.324 3.071 4.331 0.116 4.734 2.176 4.958 3.783 2.063 1.541 4.271 3.157 2.504 4.008 1.872 3.463 4.219 4.642 4.529 3.376 3.329 2.389 1.820 1.064 2.759 4.949 2.131 4.740 1.839 4.313 4.796 3.389 4.737 1.621 3.176 4.081 3.300 0.673 1.725 2.397 4.182 4.402 0.294 1.920 2.812 4.969 4.906 0.124 1.701 0.909 0.444 0.383 2.378 3.160 2.717 4.327 2.234 3.812 4.178 4.932 2.983 1.319 1.975 4.067 1.815 2.214 1.281 4.469 3.235 0.509 1.442 4.377 
3.020 3.111 0.824 3.745 1.389 1.535 1.809 4.546 4.000 0.044 1.881 0.296 0.647 1.621 4.942 3.163 0.938 1.921 3.168 0.239 1.117 1.454 3.589 4.498 3.629 2.422 0.783 1.427 3.064 2.335 2.912 4.716 0.054 3.939 2.493 2.519 4.790 3.839 2.948 4.343 0.311 3.579 4.942 0.608 2.166 0.862 4.605 4.341 3.911 0.779 4.056 3.548 0.244 1.590 3.099 3.481 - 3.792 3.266 2.438 4.863 - 0.825 0.610 2.257 0.115 2.947 3.766 3.351 2.012 0.684 0.150 4.430 - 4.648 2.681 1.667 2.424 2.017 2.473 4.947 1.566 1.961 4.138 3.866 1.618 3.819 2.544 0.882 1.592 2.662 3.194 - 4.652 2.267 4.606 2.748 2.319 3.863 2.336 
0.036 1.986 3.620 2.325 1.206 3.189 2.669 4.933 4.849 3.879 3.982 4.153 0.264 0.075 3.001 4.752 0.703 2.377 0.886 1.197 0.834 1.765 2.940 2.154 3.482 2.438 1.132 4.444 2.453 1.749 0.792 1.358 3.526 1.081 1.005 0.411 2.599 1.531 3.141 1.682 3.069 0.202 4.919 0.242 2.883 4.093 4.627 2.143 1.737 1.706 0.486 4.887 2.244 2.115 4.897 2.608 0.517 3.576 2.855 0.126 3.667 2.721 4.517 0.722 1.262 2.862 3.244 0.580 2.766 0.374 1.558 2.060 0.169 4.166 1.071 2.113 0.344 2.977 4.097 3.697 1.341 1.899 3.795 4.664 2.021 2.110 1.915 1.115 1.461 4.297 2.226 0.731 4.969 2.321 0.100 3.618 0.200 0.510 2.080 1.547 
4.222 3.448 2.690 4.838 0.403 3.817 2.208 3.735 2.800 0.888 2.957 2.075 3.981 1.913 2.938 4.004 4.477 0.720 4.281 4.740 2.802 2.031 3.642 2.762 3.684 2.104 1.652 1.558 2.911 1.284 2.782 1.182 3.816 3.526 0.034 4.738 0.733 3.556 2.362 1.661 4.045 2.079 1.085 2.845 1.916 1.352 0.313 1.445 1.299 1.651 4.932 4.910 3.762 4.107 1.099 0.287 4.718 0.942 0.746 2.444 3.138 3.563 0.125 4.558 1.306 1.985 1.703 2.576 2.107 4.413 0.294 4.218 3.398 0.219 4.431 4.459 4.226 4.646 1.335 1.849 2.163 2.552 3.164 0.082 1.614 3.253 1.993 0.550 0.960 2.315 0.733 4.874 2.819 4.899 1.370 0.284 0.526 1.385 4.742 2.827 
2.145 1.993 4.364 2.012 4.445 0.902 2.041 0.359 2.170 1.451 0.245 - 1.140 1.194 3.773 1.879 4.778 4.893 0.057 2.674 4.342 4.003 0.529 - 3.766 1.008 0.580 3.197 2.447 0.983 3.788 1.314 0.803 2.341 0.374 1.961 1.836 - 1.853 1.375 2.933 4.147 1.347 2.951 2.313 0.027 1.774 2.034 1.710 4.659 1.462 0.324 2.231 0.920 1.637 4.616 2.395 4.674 0.518 3.473 1.091 1.111 2.589 4.294 1.298 4.759 0.662 4.038 1.207 0.551 3.938 2.045 1.380 3.974 0.343 3.683 0.036 2.902 2.599 2.008 2.960 1.704 0.385 2.440 1.351 4.410 4.977 1.267 2.606 4.688 1.250 0.338 0.173 1.224 3.604 1.256 2.520 - 3.046 3.268 
0.677 1.989 3.497 1.485 4.979 3.875 1.645 3.465 2.568 1.226 1.589 - - 1.159 2.411 3.292 4.929 4.100 2.970 0.236 0.838 3.345 4.164 1.890 4.370 2.863 1.931 4.477 3.083 3.025 3.110 - 1.418 3.454 3.567 0.778 3.161 1.374 3.759 4.543 3.722 2.604 - 4.081 2.818 1.502 3.671 3.341 0.743 1.131 0.547 1.800 3.579 3.611 4.225 2.634 4.465 3.275 3.719 4.269 2.002 3.156 3.760 4.552 0.143 3.018 2.300 3.147 1.268 1.338 0.976 0.749 4.169 3.580 3.993 3.098 3.506 4.193 4.321 2.262 3.177 4.456 4.916 4.872 1.792 0.964 1.798 0.199 2.965 0.908 1.011 4.535 - 2.419 0.754 1.704 4.836 4.248 0.038 1.857 
0.305 1.129 1.607 3.708 2.286 - 0.734 0.912 4.755 2.631 4.241 1.615 0.327 1.573 0.045 1.594 4.859 1.923 4.398 3.774 4.729 3.415 4.526 1.183 0.921 4.607 1.677 4.862 2.681 1.853 1.436 2.033 0.070 4.397 4.763 1.140 4.213 4.359 3.517 2.801 3.699 3.469 4.129 3.209 4.213 2.735 0.058 3.382 0.723 1.286 2.226 4.438 0.337 0.750 2.985 4.580 2.182 2.503 4.664 2.591 4.934 0.458 3.067 3.611 4.861 - - 2.108 1.207 2.316 0.783 3.780 3.199 3.380 4.601 4.035 0.327 4.129 4.958 1.368 - 3.878 2.288 2.438 2.004 3.123 0.330 4.025 4.919 0.568 3.064 4.415 1.241 4.221 0.832 3.637 2.991 2.135 0.093 4.384 
3.864 1.039 3.869 1.742 4.810 1.259 - 4.679 1.651 3.174 3.726 0.777 4.338 0.785 3.093 4.375 2.825 4.115 4.248 1.789 3.037 1.156 1.261 4.272 4.277 4.011 1.521 3.123 0.432 4.375 4.811 3.602 3.191 4.748 3.309 1.989 2.343 1.512 1.719 3.913 3.348 0.130 0.727 3.686 2.632 1.268 4.603 3.257 3.631 2.082 4.267 1.243 3.702 4.643 1.220 3.123 2.657 1.073 0.808 3.780 3.556 3.993 0.564 2.875 0.668 2.316 1.698 0.625 1.707 4.834 2.001 1.725 2.797 3.527 3.841 0.041 1.697 2.641 3.201 0.257 4.250 2.474 0.944 1.270 1.951 3.600 2.136 0.602 1.019 2.671 0.234 2.588 1.518 0.409 1.532 4.768 0.058 4.622 2.619 1.313 
3.229 0.585 0.757 3.621 2.830 0.983 4.452 3.236 2.909 0.250 2.696 3.605 2.744 3.896 3.531 3.920 1.533 2.808 0.415 4.570 4.181 1.836 4.871 2.860 0.570 0.228 2.440 0.827 3.354 - 4.079 - 0.815 2.212 1.100 1.727 0.339 3.083 0.552 0.532 1.859 4.345 1.790 1.762 4.231 2.792 2.637 1.166 1.647 3.845 0.576 0.481 - 1.107 3.702 4.861 3.447 3.634 2.117 4.885 3.211 - 0.678 3.065 2.533 4.802 1.432 2.593 0.836 3.855 3.297 4.507 3.865 3.680 1.034 1.560 2.364 4.878 0.175 1.561 4.647 1.989 1.312 3.949 3.845 0.470 2.201 3.392 1.469 4.264 1.648 4.044 3.915 0.810 4.568 3.224 2.875 0.384 1.077 0.857 
3.041 0.216 2.527 0.648 3.678 3.592 3.515 2.102 - 0.343 0.454 2.856 2.323 1.667 4.079 3.318 2.675 0.015 4.679 4.840 - 0.017 4.056 1.308 0.408 1.718 2.240 2.425 0.391 2.286 4.377 3.555 - 0.430 4.854 0.984 1.824 4.413 0.465 4.629 4.652 0.615 1.042 4.701 0.771 3.919 3.850 4.319 3.785 1.805 0.943 4.824 1.572 0.231 2.845 3.084 1.111 0.742 4.619 0.003 4.195 2.950 4.597 - 1.159 1.806 1.236 2.774 4.540 0.034 0.759 4.030 2.215 0.823 4.899 0.261 2.929 1.596 1.639 1.990 2.131 2.614 1.484 2.315 2.288 1.832 1.248 - 4.069 0.076 0.667 0.305 0.816 0.755 3.977 3.740 4.436 3.540 4.309 0.042 
2.475 3.506 2.171 2.207 1.071 3.544 3.815 0.264 1.518 4.202 1.004 - 1.204 3.227 4.024 1.117 4.741 4.326 3.166 4.443 2.372 3.389 2.564 3.262 4.620 3.323 2.534 4.340 3.130 4.075 - 4.046 1.809 2.893 0.927 1.734 3.212 3.025 4.539 0.144 0.346 4.114 0.265 1.051 2.911 0.393 0.333 - 2.751 1.144 2.996 2.803 1.739 2.541 2.803 4.669 3.183 1.518 2.602 0.776 1.718 4.767 0.839 0.657 4.301 2.747 2.751 - 2.958 1.493 2.936 0.806 0.595 2.400 2.948 3.789 1.670 2.535 4.751 4.097 3.585 4.977 3.029 4.728 4.286 2.609 4.417 4.768 3.376 1.562 1.419 2.370 0.105 4.611 4.878 4.547 2.867 3.591 3.645 4.486 
3.534 2.315 2.882 0.298 2.692 4.213 1.570 0.273 4.912 2.886 1.021 2.211 4.952 4.945 4.157 2.285 0.042 2.898 2.537 0.867 0.582 3.627 3.404 1.158 1.059 0.810 2.279 1.029 4.226 0.790 3.981 1.551 4.629 3.819 1.241 2.297 1.611 3.033 4.534 0.175 1.480 4.451 0.392 1.517 1.191 3.286 2.043 2.809 3.541 1.397 1.811 4.718 2.032 4.510 1.882 2.279 4.611 0.491 1.714 1.077 1.805 2.072 4.379 1.837 1.869 0.016 2.544 4.332 1.708 3.926 3.752 3.600 4.280 1.270 3.025 0.607 0.981 3.268 0.813 1.016 3.916 1.330 0.115 3.500 4.374 1.665 4.508 1.274 2.659 3.122 4.867 - 1.279 4.253 4.806 0.519 4.686 3.142 0.526 3.142 
3.240 0.229 3.811 4.866 1.559 3.848 3.255 2.045 0.554 1.398 2.570 1.165 4.280 0.834 3.297 3.968 0.255 0.098 2.306 2.765 0.542 3.451 1.742 2.195 0.562 1.611 1.192 1.599 3.082 1.073 2.764 2.312 - 2.536 0.236 0.927 3.389 2.564 0.307 0.182 3.699 1.136 3.131 0.337 2.030 0.041 1.997 1.069 4.216 3.686 2.127 2.600 3.428 3.489 1.806 0.038 3.661 0.304 2.390 4.644 3.335 1.536 2.031 1.770 2.935 2.481 1.159 3.287 3.275 4.927 0.823 2.688 4.091 4.925 0.012 2.582 4.045 2.417 2.666 3.644 0.215 0.243 3.811 2.795 4.153 1.345 2.708 0.043 3.616 4.424 1.357 3.579 4.173 1.757 3.298 0.271 4.261 1.488 0.739 0.037 
2.003 2.195 3.162 4.015 1.612 3.666 2.486 0.100 2.495 2.443 2.294 2.825 1.819 2.134 3.926 1.851 2.686 3.296 3.430 3.493 4.267 0.069 3.045 0.282 4.360 0.160 4.046 3.551 3.336 0.922 3.928 0.926 0.564 4.720 2.766 0.714 1.118 2.682 2.908 2.549 0.064 3.982 4.917 4.879 0.775 2.344 2.936 2.644 3.119 2.785 1.990 1.412 0.949 4.073 0.294 0.585 3.081 4.848 1.070 0.813 4.469 1.254 0.226 0.672 3.852 4.435 0.641 2.073 4.004 3.120 1.023 1.392 2.129 2.650 0.712 4.356 2.747 0.076 1.050 2.922 - 0.223 2.635 4.319 0.254 0.029 4.732 2.141 3.000 1.190 0.833 0.547 3.279 0.039 - 2.019 2.855 1.301 4.700 4.865 
0.643 0.128 1.173 3.265 3.772 0.708 1.035 0.059 0.793 4.649 2.087 2.917 3.144 1.014 0.727 3.011 2.737 4.528 0.286 0.164 4.499 1.304 4.234 2.826 - 2.858 1.087 1.440 3.820 0.624 1.138 4.146 2.779 1.147 0.184 1.894 0.937 0.296 4.625 1.641 4.016 2.649 4.453 2.748 0.644 1.352 3.989 3.622 4.468 0.267 4.895 2.193 4.240 2.471 1.876 4.520 0.006 1.775 0.704 3.524 3.078 3.719 3.199 2.387 1.189 4.410 4.049 2.134 1.724 3.526 - 2.110 0.372 0.964 3.780 3.766 - 3.209 3.916 2.674 1.407 3.689 1.602 0.279 0.906 3.019 2.537 2.471 1.063 2.393 0.951 2.037 3.438 3.065 4.165 2.784 2.897 4.152 1.640 0.880 


Persona 0 e item 44 prediccion 0.243 con vecinos [6, 24, 19] y sim [0.3554266372453917, 0.33426361051903664, 0.32203866382942803]
Persona 0 e item 55 prediccion 0.796 con vecinos [6, 24, 19] y sim [0.3554266372453917, 0.33426361051903664, 0.32203866382942803]
Persona 0 e item 80 prediccion 0.399 con vecinos [6, 24, 19] y sim [0.3554266372453917, 0.33426361051903664, 0.32203866382942803]
Persona 0 e item 92 prediccion 0.342 con vecinos [6, 24, 19] y sim [0.3554266372453917, 0.33426361051903664, 0.32203866382942803]
Persona 1 e item 21 prediccion 0.71 con vecinos [21, 4, 0] y sim [0.30862196045777135, 0.29628504701191727, 0.2941003104968476]
Persona 1 e item 30 prediccion 0.665 con vecinos [21, 4, 0] y sim [0.30862196045777135, 0.29628504701191727, 0.2941003104968476]
Persona 1 e item 38 prediccion 0.434 con vecinos [21, 4, 0] y sim [0.30862196045777135, 0.29628504701191727, 0.2941003104968476]
Persona 1 e item 59 prediccion 0.436 con vecinos [21, 4, 0] y sim [0.30862196045777135, 0.29628504701191727, 0.2941003104968476]
Persona 1 e item 99 prediccion 0.717 con vecinos [21, 4, 0] y sim [0.30862196045777135, 0.29628504701191727, 0.2941003104968476]
Persona 2 e item 23 prediccion 0.619 con vecinos [14, 9, 21] y sim [0.3330330367805182, 0.2900016385647157, 0.28441835286312966]
Persona 2 e item 25 prediccion 0.156 con vecinos [14, 9, 21] y sim [0.3330330367805182, 0.2900016385647157, 0.28441835286312966]
Persona 2 e item 41 prediccion 0.698 con vecinos [14, 9, 21] y sim [0.3330330367805182, 0.2900016385647157, 0.28441835286312966]
Persona 2 e item 44 prediccion 0.378 con vecinos [14, 9, 21] y sim [0.3330330367805182, 0.2900016385647157, 0.28441835286312966]
Persona 2 e item 51 prediccion 0.558 con vecinos [14, 9, 21] y sim [0.3330330367805182, 0.2900016385647157, 0.28441835286312966]
Persona 3 e item 2 prediccion 0.519 con vecinos [6, 14, 20] y sim [0.31566819812307223, 0.3109379509866603, 0.2973223721309475]
Persona 3 e item 93 prediccion 0.715 con vecinos [6, 14, 20] y sim [0.31566819812307223, 0.3109379509866603, 0.2973223721309475]
Persona 4 e item 17 prediccion 0.409 con vecinos [13, 8, 5] y sim [0.33560111128541337, 0.3285109467802212, 0.32800369513707106]
Persona 4 e item 77 prediccion 0.487 con vecinos [13, 8, 5] y sim [0.33560111128541337, 0.3285109467802212, 0.32800369513707106]
Persona 4 e item 80 prediccion 0.232 con vecinos [13, 8, 5] y sim [0.33560111128541337, 0.3285109467802212, 0.32800369513707106]
Persona 5 e item 26 prediccion 0.341 con vecinos [4, 14, 12] y sim [0.32800369513707106, 0.28401716212742756, 0.26400254486636676]
Persona 5 e item 75 prediccion 0.735 con vecinos [4, 14, 12] y sim [0.32800369513707106, 0.28401716212742756, 0.26400254486636676]
Persona 6 e item 36 prediccion 0.301 con vecinos [0, 17, 3] y sim [0.3554266372453917, 0.3216187338195271, 0.31566819812307223]
Persona 7 e item 24 prediccion 0.409 con vecinos [19, 24, 14] y sim [0.31071848797524027, 0.3084844437938731, 0.2951149280888833]
Persona 7 e item 55 prediccion 0.813 con vecinos [19, 24, 14] y sim [0.31071848797524027, 0.3084844437938731, 0.2951149280888833]
Persona 7 e item 62 prediccion 0.695 con vecinos [19, 24, 14] y sim [0.31071848797524027, 0.3084844437938731, 0.2951149280888833]
Persona 7 e item 87 prediccion 0.376 con vecinos [19, 24, 14] y sim [0.31071848797524027, 0.3084844437938731, 0.2951149280888833]
Persona 8 e item 41 prediccion 0.512 con vecinos [14, 4, 12] y sim [0.3418652682435118, 0.3285109467802212, 0.3092047572286636]
Persona 9 e item 35 prediccion 0.446 con vecinos [22, 4, 21] y sim [0.34137064495491476, 0.32671265989460463, 0.32499714431985527]
Persona 9 e item 50 prediccion 0.34 con vecinos [22, 4, 21] y sim [0.34137064495491476, 0.32671265989460463, 0.32499714431985527]
Persona 9 e item 56 prediccion 0.618 con vecinos [22, 4, 21] y sim [0.34137064495491476, 0.32671265989460463, 0.32499714431985527]
Persona 9 e item 65 prediccion 0.441 con vecinos [22, 4, 21] y sim [0.34137064495491476, 0.32671265989460463, 0.32499714431985527]
Persona 9 e item 75 prediccion 0.541 con vecinos [22, 4, 21] y sim [0.34137064495491476, 0.32671265989460463, 0.32499714431985527]
Persona 11 e item 56 prediccion 0.236 con vecinos [14, 4, 24] y sim [0.320049255019218, 0.3133742446213481, 0.27997517890711177]
Persona 11 e item 61 prediccion 0.352 con vecinos [14, 4, 24] y sim [0.320049255019218, 0.3133742446213481, 0.27997517890711177]
Persona 11 e item 73 prediccion 0.416 con vecinos [14, 4, 24] y sim [0.320049255019218, 0.3133742446213481, 0.27997517890711177]
Persona 11 e item 92 prediccion 0.418 con vecinos [14, 4, 24] y sim [0.320049255019218, 0.3133742446213481, 0.27997517890711177]
Persona 14 e item 11 prediccion 0.28 con vecinos [8, 16, 2] y sim [0.3418652682435118, 0.3363266846215972, 0.3330330367805182]
Persona 14 e item 23 prediccion 0.391 con vecinos [8, 16, 2] y sim [0.3418652682435118, 0.3363266846215972, 0.3330330367805182]
Persona 14 e item 37 prediccion 0.429 con vecinos [8, 16, 2] y sim [0.3418652682435118, 0.3363266846215972, 0.3330330367805182]
Persona 14 e item 97 prediccion 0.513 con vecinos [8, 16, 2] y sim [0.3418652682435118, 0.3363266846215972, 0.3330330367805182]
Persona 15 e item 11 prediccion 0.425 con vecinos [22, 4, 21] y sim [0.302087709801949, 0.2986730840069046, 0.29632843050778823]
Persona 15 e item 12 prediccion 0.744 con vecinos [22, 4, 21] y sim [0.302087709801949, 0.2986730840069046, 0.29632843050778823]
Persona 15 e item 31 prediccion 0.51 con vecinos [22, 4, 21] y sim [0.302087709801949, 0.2986730840069046, 0.29632843050778823]
Persona 15 e item 42 prediccion 0.382 con vecinos [22, 4, 21] y sim [0.302087709801949, 0.2986730840069046, 0.29632843050778823]
Persona 15 e item 92 prediccion 0.555 con vecinos [22, 4, 21] y sim [0.302087709801949, 0.2986730840069046, 0.29632843050778823]
Persona 16 e item 5 prediccion 0.589 con vecinos [14, 21, 22] y sim [0.3363266846215972, 0.3232243011142333, 0.3076769103300513]
Persona 16 e item 65 prediccion 0.49 con vecinos [14, 21, 22] y sim [0.3363266846215972, 0.3232243011142333, 0.3076769103300513]
Persona 16 e item 66 prediccion 0.29 con vecinos [14, 21, 22] y sim [0.3363266846215972, 0.3232243011142333, 0.3076769103300513]
Persona 16 e item 80 prediccion 0.481 con vecinos [14, 21, 22] y sim [0.3363266846215972, 0.3232243011142333, 0.3076769103300513]
Persona 17 e item 6 prediccion 0.698 con vecinos [6, 0, 20] y sim [0.3216187338195271, 0.3013136742564947, 0.299998156073529]
Persona 18 e item 29 prediccion 0.533 con vecinos [4, 24, 8] y sim [0.31173842290167075, 0.28460697190516426, 0.28440323100539866]
Persona 18 e item 31 prediccion 0.646 con vecinos [4, 24, 8] y sim [0.31173842290167075, 0.28460697190516426, 0.28440323100539866]
Persona 18 e item 52 prediccion 0.8 con vecinos [4, 24, 8] y sim [0.31173842290167075, 0.28460697190516426, 0.28440323100539866]
Persona 18 e item 61 prediccion 0.398 con vecinos [4, 24, 8] y sim [0.31173842290167075, 0.28460697190516426, 0.28440323100539866]
Persona 19 e item 8 prediccion 0.237 con vecinos [14, 22, 0] y sim [0.3286014107581072, 0.3261373333441645, 0.32203866382942803]
Persona 19 e item 20 prediccion 0.438 con vecinos [14, 22, 0] y sim [0.3286014107581072, 0.3261373333441645, 0.32203866382942803]
Persona 19 e item 32 prediccion 0.299 con vecinos [14, 22, 0] y sim [0.3286014107581072, 0.3261373333441645, 0.32203866382942803]
Persona 19 e item 63 prediccion 0.48 con vecinos [14, 22, 0] y sim [0.3286014107581072, 0.3261373333441645, 0.32203866382942803]
Persona 19 e item 87 prediccion 0.147 con vecinos [14, 22, 0] y sim [0.3286014107581072, 0.3261373333441645, 0.32203866382942803]
Persona 20 e item 11 prediccion 0.38 con vecinos [17, 3, 4] y sim [0.299998156073529, 0.2973223721309475, 0.287693297509111]
Persona 20 e item 30 prediccion 0.654 con vecinos [17, 3, 4] y sim [0.299998156073529, 0.2973223721309475, 0.287693297509111]
Persona 20 e item 47 prediccion 0.861 con vecinos [17, 3, 4] y sim [0.299998156073529, 0.2973223721309475, 0.287693297509111]
Persona 20 e item 67 prediccion 0.42 con vecinos [17, 3, 4] y sim [0.299998156073529, 0.2973223721309475, 0.287693297509111]
Persona 21 e item 91 prediccion 0.387 con vecinos [12, 9, 16] y sim [0.35675996097795426, 0.32499714431985527, 0.3232243011142333]
Persona 22 e item 32 prediccion 0.412 con vecinos [9, 19, 16] y sim [0.34137064495491476, 0.3261373333441645, 0.3076769103300513]
Persona 23 e item 80 prediccion 0.259 con vecinos [4, 24, 12] y sim [0.3231601817383841, 0.28219147725307925, 0.28154908319898164]
Persona 23 e item 94 prediccion 0.319 con vecinos [4, 24, 12] y sim [0.3231601817383841, 0.28219147725307925, 0.28154908319898164]
Persona 24 e item 24 prediccion 0.746 con vecinos [0, 4, 8] y sim [0.33426361051903664, 0.3185567083999493, 0.30867460038956784]
Persona 24 e item 70 prediccion 0.398 con vecinos [0, 4, 8] y sim [0.33426361051903664, 0.3185567083999493, 0.30867460038956784]
Persona 24 e item 76 prediccion 0.175 con vecinos [0, 4, 8] y sim [0.33426361051903664, 0.3185567083999493, 0.30867460038956784]


-- Similitud entre personas--
Persona 0 tiene la siguiente similitud [0.29410031 0.23927336 0.26878457 0.31748183 0.23122835 0.35542664
 0.23645045 0.25004415 0.2413336  0.2272976  0.25064052 0.28047986
 0.31764353 0.30759186 0.26578713 0.2351435  0.30131367 0.24282778
 0.32203866 0.28629908 0.29978263 0.2586989  0.21222876 0.33426361]
Vecinos validos [6, 24, 19] 
Persona 1 tiene la siguiente similitud [0.29410031 0.21332615 0.28520078 0.29628505 0.21038206 0.17762619
 0.26826035 0.24101847 0.29055647 0.21348615 0.23679199 0.16947373
 0.21104659 0.27737135 0.16478579 0.24695556 0.24072561 0.20104568
 0.24249374 0.23573046 0.30862196 0.21940928 0.19663376 0.20139215]
Vecinos validos [21, 4, 0] 
Persona 2 tiene la siguiente similitud [0.23927336 0.21332615 0.20091919 0.20622043 0.25396666 0.20471471
 0.24488342 0.25407182 0.29000164 0.15257086 0.21333691 0.22998297
 0.21370221 0.33303304 0.20766688 0.16503325 0.15216105 0.2529087
 0.24194218 0.26203377 0.28441835 0.24285752 0.21099149 0.19820537]
Vecinos validos [14, 9, 21] 
Persona 3 tiene la siguiente similitud [0.26878457 0.28520078 0.20091919 0.26023277 0.24749144 0.3156682
 0.25171225 0.27683612 0.28893166 0.16641887 0.21779031 0.22096143
 0.29066331 0.31093795 0.2805608  0.23744559 0.2195259  0.25426919
 0.20978968 0.29732237 0.27998257 0.28988838 0.24188005 0.21321352]
Vecinos validos [6, 14, 20] 
Persona 4 tiene la siguiente similitud [0.31748183 0.29628505 0.20622043 0.26023277 0.3280037  0.31417811
 0.25934452 0.32851095 0.32671266 0.212877   0.31337424 0.27882555
 0.33560111 0.30333639 0.29867308 0.24614416 0.25039064 0.31173842
 0.2462771  0.2876933  0.31980088 0.29656889 0.32316018 0.31855671]
Vecinos validos [13, 8, 5] 
Persona 5 tiene la siguiente similitud [0.23122835 0.21038206 0.25396666 0.24749144 0.3280037  0.20261221
 0.1795726  0.16146459 0.2595971  0.17846238 0.16134691 0.26400254
 0.25204625 0.28401716 0.18336703 0.16306207 0.24896266 0.14880884
 0.22884306 0.17321785 0.20113879 0.22242581 0.2016464  0.2419647 ]
Vecinos validos [4, 14, 12] 
Persona 6 tiene la siguiente similitud [0.35542664 0.17762619 0.20471471 0.3156682  0.31417811 0.20261221
 0.20423506 0.29853069 0.27686274 0.23816465 0.22345619 0.3150016
 0.17385179 0.30082151 0.20549057 0.24965161 0.32161873 0.19487096
 0.27022365 0.22700716 0.24915293 0.25866753 0.21427668 0.30109211]
Vecinos validos [0, 17, 3] 
Persona 7 tiene la siguiente similitud [0.23645045 0.26826035 0.24488342 0.25171225 0.25934452 0.1795726
 0.20423506 0.23572366 0.256223   0.21222077 0.25726405 0.2648519
 0.22349617 0.29511493 0.20480867 0.21783666 0.25915573 0.21581476
 0.31071849 0.25373476 0.23457369 0.23432353 0.24822107 0.30848444]
Vecinos validos [19, 24, 14] 
Persona 8 tiene la siguiente similitud [0.25004415 0.24101847 0.25407182 0.27683612 0.32851095 0.16146459
 0.29853069 0.23572366 0.23385573 0.18781935 0.15318544 0.30920476
 0.24202322 0.34186527 0.20967134 0.20999182 0.24769145 0.28440323
 0.27076964 0.21224872 0.26803126 0.28613179 0.21804699 0.3086746 ]
Vecinos validos [14, 4, 12] 
Persona 9 tiene la siguiente similitud [0.2413336  0.29055647 0.29000164 0.28893166 0.32671266 0.2595971
 0.27686274 0.256223   0.23385573 0.23369078 0.19699338 0.27415085
 0.21321197 0.29735716 0.26532467 0.25767438 0.24102681 0.25497654
 0.29175582 0.25870353 0.32499714 0.34137064 0.25969039 0.30782056]
Vecinos validos [22, 4, 21] 
Persona 11 tiene la siguiente similitud [0.25064052 0.23679199 0.21333691 0.21779031 0.31337424 0.16134691
 0.22345619 0.25726405 0.15318544 0.19699338 0.12787362 0.20628305
 0.25083997 0.32004926 0.20228724 0.27730084 0.19458887 0.19634822
 0.21911458 0.22536502 0.23086725 0.2378568  0.18441486 0.27997518]
Vecinos validos [14, 4, 24] 
Persona 14 tiene la siguiente similitud [0.30759186 0.27737135 0.33303304 0.31093795 0.30333639 0.28401716
 0.30082151 0.29511493 0.34186527 0.29735716 0.26998693 0.32004926
 0.30343834 0.2993485  0.28019463 0.33632668 0.28441815 0.24776735
 0.32860141 0.22800417 0.31350986 0.28332294 0.22679151 0.27249236]
Vecinos validos [8, 16, 2] 
Persona 15 tiene la siguiente similitud [0.26578713 0.16478579 0.20766688 0.2805608  0.29867308 0.18336703
 0.20549057 0.20480867 0.20967134 0.26532467 0.17749613 0.20228724
 0.22327027 0.29178288 0.28019463 0.16670454 0.21231962 0.2678373
 0.2042284  0.24800587 0.29632843 0.30208771 0.25355078 0.22876631]
Vecinos validos [22, 4, 21] 
Persona 16 tiene la siguiente similitud [0.2351435  0.24695556 0.16503325 0.23744559 0.24614416 0.16306207
 0.24965161 0.21783666 0.20999182 0.25767438 0.21487515 0.27730084
 0.27878273 0.25225678 0.33632668 0.16670454 0.25363485 0.26148664
 0.20494693 0.20937775 0.3232243  0.30767691 0.25374958 0.24783352]
Vecinos validos [14, 21, 22] 
Persona 17 tiene la siguiente similitud [0.30131367 0.24072561 0.15216105 0.2195259  0.25039064 0.24896266
 0.32161873 0.25915573 0.24769145 0.24102681 0.13825395 0.19458887
 0.25262256 0.18483107 0.28441815 0.21231962 0.25363485 0.26625755
 0.22310065 0.29999816 0.29151327 0.27105499 0.2408587  0.2036002 ]
Vecinos validos [6, 0, 20] 
Persona 18 tiene la siguiente similitud [0.24282778 0.20104568 0.2529087  0.25426919 0.31173842 0.14880884
 0.19487096 0.21581476 0.28440323 0.25497654 0.20414166 0.19634822
 0.22777196 0.22090797 0.24776735 0.2678373  0.26148664 0.26625755
 0.25875892 0.27479821 0.18266311 0.16321325 0.2244831  0.28460697]
Vecinos validos [4, 24, 8] 
Persona 19 tiene la siguiente similitud [0.32203866 0.24249374 0.24194218 0.20978968 0.2462771  0.22884306
 0.27022365 0.31071849 0.27076964 0.29175582 0.1915057  0.21911458
 0.30059417 0.27330578 0.32860141 0.2042284  0.20494693 0.22310065
 0.25875892 0.28281563 0.31876936 0.32613733 0.25448993 0.28617001]
Vecinos validos [14, 22, 0] 
Persona 20 tiene la siguiente similitud [0.28629908 0.23573046 0.26203377 0.29732237 0.2876933  0.17321785
 0.22700716 0.25373476 0.21224872 0.25870353 0.23239326 0.22536502
 0.25664634 0.26158825 0.22800417 0.24800587 0.20937775 0.29999816
 0.27479821 0.28281563 0.25524029 0.26382284 0.19390784 0.26163637]
Vecinos validos [17, 3, 4] 
Persona 21 tiene la siguiente similitud [0.29978263 0.30862196 0.28441835 0.27998257 0.31980088 0.20113879
 0.24915293 0.23457369 0.26803126 0.32499714 0.1869064  0.23086725
 0.35675996 0.28751956 0.31350986 0.29632843 0.3232243  0.29151327
 0.18266311 0.31876936 0.25524029 0.19694708 0.24942761 0.28531549]
Vecinos validos [12, 9, 16] 
Persona 22 tiene la siguiente similitud [0.2586989  0.21940928 0.24285752 0.28988838 0.29656889 0.22242581
 0.25866753 0.23432353 0.28613179 0.34137064 0.2250239  0.2378568
 0.26062182 0.22012174 0.28332294 0.30208771 0.30767691 0.27105499
 0.16321325 0.32613733 0.26382284 0.19694708 0.22792371 0.26787099]
Vecinos validos [9, 19, 16] 
Persona 23 tiene la siguiente similitud [0.21222876 0.19663376 0.21099149 0.24188005 0.32316018 0.2016464
 0.21427668 0.24822107 0.21804699 0.25969039 0.15619319 0.18441486
 0.28154908 0.23096198 0.22679151 0.25355078 0.25374958 0.2408587
 0.2244831  0.25448993 0.19390784 0.24942761 0.22792371 0.28219148]
Vecinos validos [4, 24, 12] 
Persona 24 tiene la siguiente similitud [0.33426361 0.20139215 0.19820537 0.21321352 0.31855671 0.2419647
 0.30109211 0.30848444 0.3086746  0.30782056 0.21966156 0.27997518
 0.23778239 0.26799166 0.27249236 0.22876631 0.24783352 0.2036002
 0.28460697 0.28617001 0.26163637 0.28531549 0.26787099 0.28219148]
Vecinos validos [0, 4, 8] 


-- Matriz de utilidad --
0.064 0.566 1.996 4.257 0.168 0.992 2.162 1.158 0.826 0.203 4.350 0.547 2.936 4.327 2.553 1.162 1.625 3.439 1.490 1.925 1.668 2.363 0.877 4.976 4.005 4.010 0.383 4.508 0.187 3.078 1.088 3.682 2.197 3.607 3.072 2.352 1.238 0.493 0.700 4.273 2.671 3.591 2.880 0.677 1.215 3.691 4.675 2.819 1.674 4.709 2.181 1.722 2.711 0.688 0.193 3.980 3.603 2.754 1.469 2.427 1.151 1.111 4.588 1.107 4.505 4.807 4.001 0.980 0.316 4.301 3.359 1.862 3.838 0.530 3.326 1.892 1.933 3.460 1.502 4.175 1.995 3.491 4.349 3.326 0.303 0.555 4.121 0.888 4.032 2.937 4.235 2.646 1.710 4.142 0.991 2.260 2.658 2.984 2.004 4.759 
2.109 3.863 4.759 4.214 1.725 4.307 3.100 4.465 0.979 2.770 3.875 1.118 1.615 1.616 0.331 3.853 4.229 4.146 0.744 3.793 1.871 3.550 4.286 3.259 2.139 4.083 4.978 4.454 4.612 3.730 3.325 4.220 0.200 0.683 1.529 4.481 3.132 1.143 2.170 3.426 3.586 4.946 0.570 4.688 0.299 3.139 4.620 4.193 4.490 1.668 2.048 2.030 2.286 4.009 3.665 0.896 1.567 2.569 1.619 2.180 1.482 2.652 4.916 0.472 2.065 4.273 0.354 3.710 2.731 2.207 4.154 3.206 2.601 2.995 0.059 2.639 2.589 1.373 4.630 2.011 3.091 2.309 4.211 4.701 3.144 0.546 0.553 2.964 0.856 1.961 0.278 0.800 0.168 1.303 2.145 1.031 4.652 1.194 4.485 3.585 
3.018 1.201 0.594 4.216 3.666 2.853 2.618 1.397 3.945 4.883 4.278 1.550 4.529 2.268 1.300 4.016 1.141 4.635 3.504 0.448 0.010 0.490 4.377 3.095 2.494 0.780 2.232 2.599 0.172 1.202 3.962 2.115 3.933 3.692 4.686 3.358 4.198 0.801 4.210 3.919 2.750 3.490 1.658 2.515 1.890 2.934 2.777 4.261 2.602 2.220 4.420 2.790 4.745 4.278 0.304 4.046 4.728 3.673 3.034 0.686 4.026 2.178 4.704 4.013 4.301 0.147 1.933 1.767 1.640 1.867 3.942 3.863 3.875 4.565 2.585 1.475 4.779 4.228 3.913 3.174 4.698 3.051 4.628 0.681 3.955 3.967 1.895 1.496 0.761 0.484 0.590 0.217 2.059 0.510 3.217 2.111 0.607 1.392 1.959 1.731 
1.125 0.784 2.595 1.009 2.728 3.843 0.627 1.116 4.547 2.753 3.175 1.958 0.923 0.247 2.268 2.306 0.057 0.906 3.051 0.280 1.458 0.870 2.124 2.751 2.966 3.491 2.818 0.788 3.149 2.317 0.178 0.051 4.656 1.075 3.204 1.723 0.948 0.671 2.360 3.204 3.697 3.504 2.189 4.237 1.054 4.193 3.360 4.732 0.962 0.888 2.365 2.190 1.246 1.686 4.651 0.061 2.972 1.431 3.704 1.393 3.828 4.628 4.317 1.511 4.599 0.154 1.603 2.173 0.550 3.334 0.382 2.260 1.894 4.418 2.941 2.837 2.012 3.290 0.929 4.200 1.706 0.616 1.400 0.246 1.980 3.351 4.343 0.025 2.518 3.364 1.511 1.350 2.312 3.575 3.306 4.471 1.653 2.138 4.667 0.662 
2.648 0.596 2.809 0.235 1.746 4.520 2.917 0.735 4.754 2.702 1.976 3.009 1.934 0.426 1.338 3.290 2.418 2.045 3.657 4.756 4.363 4.643 0.756 4.704 2.282 0.542 3.143 2.213 0.763 2.907 4.856 3.789 4.719 0.383 4.667 3.520 1.466 3.610 1.174 3.660 4.511 3.124 2.184 0.360 2.465 0.303 3.070 4.962 3.573 2.094 1.141 4.268 3.203 4.685 1.678 4.610 0.982 3.045 4.187 3.082 1.657 0.666 2.564 0.882 3.501 4.101 1.619 3.560 0.202 0.235 2.404 3.859 0.098 1.136 0.969 4.920 0.303 2.435 1.445 1.092 1.160 0.947 3.140 1.766 2.947 4.606 2.975 2.605 1.128 1.550 4.671 1.372 2.843 4.875 0.650 3.564 2.127 1.724 0.145 2.884 
3.798 0.607 2.358 3.137 1.884 0.324 0.190 0.619 3.673 1.387 3.488 3.683 2.497 3.603 1.927 1.057 3.824 3.327 1.960 3.164 1.522 0.362 3.489 2.094 0.613 2.813 1.705 1.976 4.668 1.497 0.995 1.094 1.493 4.565 2.973 1.305 2.100 3.161 4.562 2.278 0.486 0.041 4.496 1.264 4.315 1.390 3.418 1.811 1.784 1.764 2.323 4.481 4.325 2.032 4.507 2.583 3.815 1.808 4.142 2.357 4.298 1.967 3.526 0.411 2.860 4.478 3.398 3.750 2.422 2.849 0.247 0.658 2.921 0.008 4.305 3.675 3.218 0.020 1.985 1.742 0.225 4.630 0.671 4.778 2.857 0.754 0.459 4.924 3.082 4.783 1.678 3.079 3.766 0.487 2.338 2.265 4.590 4.163 2.548 2.954 
2.451 3.735 1.258 2.804 1.889 3.477 4.429 2.890 2.768 1.103 0.090 3.836 1.669 1.934 1.817 2.026 3.549 0.641 3.419 2.592 3.465 3.789 4.876 1.988 1.232 3.659 0.015 0.246 3.035 2.129 4.580 3.340 0.436 3.244 0.448 1.479 1.505 2.597 4.454 0.231 1.852 2.292 0.950 3.572 2.148 1.356 1.792 1.430 1.037 1.599 0.950 3.045 1.759 4.773 1.960 4.283 3.453 4.926 2.724 3.727 3.145 2.401 3.169 2.730 3.602 1.271 3.876 3.884 1.854 0.429 3.412 3.504 3.435 1.818 1.834 3.849 4.981 2.664 0.311 2.279 2.423 4.460 4.190 2.203 4.564 1.632 0.074 0.767 0.768 1.278 1.614 2.813 0.889 4.922 1.133 0.058 4.459 2.197 3.644 0.913 
1.134 0.894 3.245 0.360 1.630 0.130 1.042 2.994 0.587 2.549 4.812 0.523 0.620 3.863 1.885 3.431 4.435 4.938 3.865 3.013 4.379 2.743 0.833 4.638 2.045 3.158 2.923 0.210 4.109 0.473 0.048 4.321 3.578 1.978 1.528 1.698 0.302 0.773 2.803 1.824 2.772 3.288 2.656 3.846 3.899 0.257 1.920 3.483 0.384 3.378 1.267 2.922 3.674 4.920 2.399 4.065 3.887 3.911 3.664 1.000 3.957 2.833 3.475 0.809 1.946 3.891 4.785 2.795 0.731 2.949 0.245 1.121 3.855 0.440 4.174 2.841 3.412 3.027 0.758 4.075 3.186 3.151 3.513 3.827 3.734 1.312 1.718 1.880 4.925 3.519 4.999 3.524 1.480 0.062 2.729 0.257 0.441 3.668 1.143 2.871 
3.332 4.685 2.611 4.398 2.309 2.444 2.409 3.574 3.082 0.790 4.104 1.038 0.205 4.865 0.809 0.533 4.221 2.121 3.808 1.866 1.729 0.927 1.888 1.611 4.921 4.534 4.038 4.042 3.832 4.445 2.177 1.695 1.647 3.441 3.776 1.000 4.115 1.270 4.581 4.524 0.343 2.560 1.415 2.185 2.452 0.347 0.752 3.290 4.666 0.818 2.218 2.239 4.641 2.034 4.269 3.154 3.876 0.262 4.372 3.623 3.244 1.715 1.641 2.407 2.089 1.481 0.650 2.970 3.642 1.818 0.078 0.112 3.998 4.053 4.654 0.202 0.321 2.590 1.689 4.020 1.070 1.427 1.835 2.482 0.533 1.095 4.261 1.474 1.291 1.924 2.822 2.536 4.023 2.035 0.629 2.494 2.212 4.130 1.006 3.308 
0.652 4.982 0.886 4.187 1.557 1.580 2.495 2.722 1.711 0.082 2.691 1.323 2.936 3.269 3.263 1.735 3.135 2.768 4.439 1.127 1.988 0.550 3.622 4.993 2.830 0.486 0.384 2.340 0.380 3.720 3.885 4.559 4.388 1.953 0.684 2.230 4.210 0.120 2.506 4.097 2.455 1.789 0.544 0.378 2.096 0.045 2.079 1.839 2.215 2.226 1.700 3.729 0.960 2.092 4.901 4.799 3.090 3.370 0.041 0.059 3.679 1.671 4.493 4.306 0.264 2.205 3.255 2.345 0.997 3.924 3.508 2.806 1.662 0.658 1.942 2.705 2.974 4.376 0.180 0.442 1.460 4.670 2.115 2.343 0.541 2.793 2.891 2.112 4.527 1.068 4.225 0.791 0.297 3.395 4.745 4.290 0.247 1.062 4.161 0.186 
4.635 3.439 1.551 3.712 3.808 1.444 4.897 2.820 2.215 3.130 2.859 2.490 3.441 1.947 4.288 4.881 0.938 2.770 3.191 0.282 2.675 1.043 0.396 3.071 4.511 3.577 1.149 4.122 4.324 3.071 4.331 0.116 4.734 2.176 4.958 3.783 2.063 1.541 4.271 3.157 2.504 4.008 1.872 3.463 4.219 4.642 4.529 3.376 3.329 2.389 1.820 1.064 2.759 4.949 2.131 4.740 1.839 4.313 4.796 3.389 4.737 1.621 3.176 4.081 3.300 0.673 1.725 2.397 4.182 4.402 0.294 1.920 2.812 4.969 4.906 0.124 1.701 0.909 0.444 0.383 2.378 3.160 2.717 4.327 2.234 3.812 4.178 4.932 2.983 1.319 1.975 4.067 1.815 2.214 1.281 4.469 3.235 0.509 1.442 4.377 
3.020 3.111 0.824 3.745 1.389 1.535 1.809 4.546 4.000 0.044 1.881 0.296 0.647 1.621 4.942 3.163 0.938 1.921 3.168 0.239 1.117 1.454 3.589 4.498 3.629 2.422 0.783 1.427 3.064 2.335 2.912 4.716 0.054 3.939 2.493 2.519 4.790 3.839 2.948 4.343 0.311 3.579 4.942 0.608 2.166 0.862 4.605 4.341 3.911 0.779 4.056 3.548 0.244 1.590 3.099 3.481 1.180 3.792 3.266 2.438 4.863 1.760 0.825 0.610 2.257 0.115 2.947 3.766 3.351 2.012 0.684 0.150 4.430 2.080 4.648 2.681 1.667 2.424 2.017 2.473 4.947 1.566 1.961 4.138 3.866 1.618 3.819 2.544 0.882 1.592 2.662 3.194 2.090 4.652 2.267 4.606 2.748 2.319 3.863 2.336 
0.036 1.986 3.620 2.325 1.206 3.189 2.669 4.933 4.849 3.879 3.982 4.153 0.264 0.075 3.001 4.752 0.703 2.377 0.886 1.197 0.834 1.765 2.940 2.154 3.482 2.438 1.132 4.444 2.453 1.749 0.792 1.358 3.526 1.081 1.005 0.411 2.599 1.531 3.141 1.682 3.069 0.202 4.919 0.242 2.883 4.093 4.627 2.143 1.737 1.706 0.486 4.887 2.244 2.115 4.897 2.608 0.517 3.576 2.855 0.126 3.667 2.721 4.517 0.722 1.262 2.862 3.244 0.580 2.766 0.374 1.558 2.060 0.169 4.166 1.071 2.113 0.344 2.977 4.097 3.697 1.341 1.899 3.795 4.664 2.021 2.110 1.915 1.115 1.461 4.297 2.226 0.731 4.969 2.321 0.100 3.618 0.200 0.510 2.080 1.547 
4.222 3.448 2.690 4.838 0.403 3.817 2.208 3.735 2.800 0.888 2.957 2.075 3.981 1.913 2.938 4.004 4.477 0.720 4.281 4.740 2.802 2.031 3.642 2.762 3.684 2.104 1.652 1.558 2.911 1.284 2.782 1.182 3.816 3.526 0.034 4.738 0.733 3.556 2.362 1.661 4.045 2.079 1.085 2.845 1.916 1.352 0.313 1.445 1.299 1.651 4.932 4.910 3.762 4.107 1.099 0.287 4.718 0.942 0.746 2.444 3.138 3.563 0.125 4.558 1.306 1.985 1.703 2.576 2.107 4.413 0.294 4.218 3.398 0.219 4.431 4.459 4.226 4.646 1.335 1.849 2.163 2.552 3.164 0.082 1.614 3.253 1.993 0.550 0.960 2.315 0.733 4.874 2.819 4.899 1.370 0.284 0.526 1.385 4.742 2.827 
2.145 1.993 4.364 2.012 4.445 0.902 2.041 0.359 2.170 1.451 0.245 1.400 1.140 1.194 3.773 1.879 4.778 4.893 0.057 2.674 4.342 4.003 0.529 1.955 3.766 1.008 0.580 3.197 2.447 0.983 3.788 1.314 0.803 2.341 0.374 1.961 1.836 2.145 1.853 1.375 2.933 4.147 1.347 2.951 2.313 0.027 1.774 2.034 1.710 4.659 1.462 0.324 2.231 0.920 1.637 4.616 2.395 4.674 0.518 3.473 1.091 1.111 2.589 4.294 1.298 4.759 0.662 4.038 1.207 0.551 3.938 2.045 1.380 3.974 0.343 3.683 0.036 2.902 2.599 2.008 2.960 1.704 0.385 2.440 1.351 4.410 4.977 1.267 2.606 4.688 1.250 0.338 0.173 1.224 3.604 1.256 2.520 2.565 3.046 3.268 
0.677 1.989 3.497 1.485 4.979 3.875 1.645 3.465 2.568 1.226 1.589 2.125 3.720 1.159 2.411 3.292 4.929 4.100 2.970 0.236 0.838 3.345 4.164 1.890 4.370 2.863 1.931 4.477 3.083 3.025 3.110 2.550 1.418 3.454 3.567 0.778 3.161 1.374 3.759 4.543 3.722 2.604 1.910 4.081 2.818 1.502 3.671 3.341 0.743 1.131 0.547 1.800 3.579 3.611 4.225 2.634 4.465 3.275 3.719 4.269 2.002 3.156 3.760 4.552 0.143 3.018 2.300 3.147 1.268 1.338 0.976 0.749 4.169 3.580 3.993 3.098 3.506 4.193 4.321 2.262 3.177 4.456 4.916 4.872 1.792 0.964 1.798 0.199 2.965 0.908 1.011 4.535 2.775 2.419 0.754 1.704 4.836 4.248 0.038 1.857 
0.305 1.129 1.607 3.708 2.286 2.945 0.734 0.912 4.755 2.631 4.241 1.615 0.327 1.573 0.045 1.594 4.859 1.923 4.398 3.774 4.729 3.415 4.526 1.183 0.921 4.607 1.677 4.862 2.681 1.853 1.436 2.033 0.070 4.397 4.763 1.140 4.213 4.359 3.517 2.801 3.699 3.469 4.129 3.209 4.213 2.735 0.058 3.382 0.723 1.286 2.226 4.438 0.337 0.750 2.985 4.580 2.182 2.503 4.664 2.591 4.934 0.458 3.067 3.611 4.861 2.450 1.450 2.108 1.207 2.316 0.783 3.780 3.199 3.380 4.601 4.035 0.327 4.129 4.958 1.368 2.405 3.878 2.288 2.438 2.004 3.123 0.330 4.025 4.919 0.568 3.064 4.415 1.241 4.221 0.832 3.637 2.991 2.135 0.093 4.384 
3.864 1.039 3.869 1.742 4.810 1.259 3.490 4.679 1.651 3.174 3.726 0.777 4.338 0.785 3.093 4.375 2.825 4.115 4.248 1.789 3.037 1.156 1.261 4.272 4.277 4.011 1.521 3.123 0.432 4.375 4.811 3.602 3.191 4.748 3.309 1.989 2.343 1.512 1.719 3.913 3.348 0.130 0.727 3.686 2.632 1.268 4.603 3.257 3.631 2.082 4.267 1.243 3.702 4.643 1.220 3.123 2.657 1.073 0.808 3.780 3.556 3.993 0.564 2.875 0.668 2.316 1.698 0.625 1.707 4.834 2.001 1.725 2.797 3.527 3.841 0.041 1.697 2.641 3.201 0.257 4.250 2.474 0.944 1.270 1.951 3.600 2.136 0.602 1.019 2.671 0.234 2.588 1.518 0.409 1.532 4.768 0.058 4.622 2.619 1.313 
3.229 0.585 0.757 3.621 2.830 0.983 4.452 3.236 2.909 0.250 2.696 3.605 2.744 3.896 3.531 3.920 1.533 2.808 0.415 4.570 4.181 1.836 4.871 2.860 0.570 0.228 2.440 0.827 3.354 2.665 4.079 3.230 0.815 2.212 1.100 1.727 0.339 3.083 0.552 0.532 1.859 4.345 1.790 1.762 4.231 2.792 2.637 1.166 1.647 3.845 0.576 0.481 4.000 1.107 3.702 4.861 3.447 3.634 2.117 4.885 3.211 1.990 0.678 3.065 2.533 4.802 1.432 2.593 0.836 3.855 3.297 4.507 3.865 3.680 1.034 1.560 2.364 4.878 0.175 1.561 4.647 1.989 1.312 3.949 3.845 0.470 2.201 3.392 1.469 4.264 1.648 4.044 3.915 0.810 4.568 3.224 2.875 0.384 1.077 0.857 
3.041 0.216 2.527 0.648 3.678 3.592 3.515 2.102 1.185 0.343 0.454 2.856 2.323 1.667 4.079 3.318 2.675 0.015 4.679 4.840 2.190 0.017 4.056 1.308 0.408 1.718 2.240 2.425 0.391 2.286 4.377 3.555 1.495 0.430 4.854 0.984 1.824 4.413 0.465 4.629 4.652 0.615 1.042 4.701 0.771 3.919 3.850 4.319 3.785 1.805 0.943 4.824 1.572 0.231 2.845 3.084 1.111 0.742 4.619 0.003 4.195 2.950 4.597 2.400 1.159 1.806 1.236 2.774 4.540 0.034 0.759 4.030 2.215 0.823 4.899 0.261 2.929 1.596 1.639 1.990 2.131 2.614 1.484 2.315 2.288 1.832 1.248 0.735 4.069 0.076 0.667 0.305 0.816 0.755 3.977 3.740 4.436 3.540 4.309 0.042 
2.475 3.506 2.171 2.207 1.071 3.544 3.815 0.264 1.518 4.202 1.004 1.900 1.204 3.227 4.024 1.117 4.741 4.326 3.166 4.443 2.372 3.389 2.564 3.262 4.620 3.323 2.534 4.340 3.130 4.075 3.270 4.046 1.809 2.893 0.927 1.734 3.212 3.025 4.539 0.144 0.346 4.114 0.265 1.051 2.911 0.393 0.333 4.305 2.751 1.144 2.996 2.803 1.739 2.541 2.803 4.669 3.183 1.518 2.602 0.776 1.718 4.767 0.839 0.657 4.301 2.747 2.751 2.100 2.958 1.493 2.936 0.806 0.595 2.400 2.948 3.789 1.670 2.535 4.751 4.097 3.585 4.977 3.029 4.728 4.286 2.609 4.417 4.768 3.376 1.562 1.419 2.370 0.105 4.611 4.878 4.547 2.867 3.591 3.645 4.486 
3.534 2.315 2.882 0.298 2.692 4.213 1.570 0.273 4.912 2.886 1.021 2.211 4.952 4.945 4.157 2.285 0.042 2.898 2.537 0.867 0.582 3.627 3.404 1.158 1.059 0.810 2.279 1.029 4.226 0.790 3.981 1.551 4.629 3.819 1.241 2.297 1.611 3.033 4.534 0.175 1.480 4.451 0.392 1.517 1.191 3.286 2.043 2.809 3.541 1.397 1.811 4.718 2.032 4.510 1.882 2.279 4.611 0.491 1.714 1.077 1.805 2.072 4.379 1.837 1.869 0.016 2.544 4.332 1.708 3.926 3.752 3.600 4.280 1.270 3.025 0.607 0.981 3.268 0.813 1.016 3.916 1.330 0.115 3.500 4.374 1.665 4.508 1.274 2.659 3.122 4.867 1.935 1.279 4.253 4.806 0.519 4.686 3.142 0.526 3.142 
3.240 0.229 3.811 4.866 1.559 3.848 3.255 2.045 0.554 1.398 2.570 1.165 4.280 0.834 3.297 3.968 0.255 0.098 2.306 2.765 0.542 3.451 1.742 2.195 0.562 1.611 1.192 1.599 3.082 1.073 2.764 2.312 2.060 2.536 0.236 0.927 3.389 2.564 0.307 0.182 3.699 1.136 3.131 0.337 2.030 0.041 1.997 1.069 4.216 3.686 2.127 2.600 3.428 3.489 1.806 0.038 3.661 0.304 2.390 4.644 3.335 1.536 2.031 1.770 2.935 2.481 1.159 3.287 3.275 4.927 0.823 2.688 4.091 4.925 0.012 2.582 4.045 2.417 2.666 3.644 0.215 0.243 3.811 2.795 4.153 1.345 2.708 0.043 3.616 4.424 1.357 3.579 4.173 1.757 3.298 0.271 4.261 1.488 0.739 0.037 
2.003 2.195 3.162 4.015 1.612 3.666 2.486 0.100 2.495 2.443 2.294 2.825 1.819 2.134 3.926 1.851 2.686 3.296 3.430 3.493 4.267 0.069 3.045 0.282 4.360 0.160 4.046 3.551 3.336 0.922 3.928 0.926 0.564 4.720 2.766 0.714 1.118 2.682 2.908 2.549 0.064 3.982 4.917 4.879 0.775 2.344 2.936 2.644 3.119 2.785 1.990 1.412 0.949 4.073 0.294 0.585 3.081 4.848 1.070 0.813 4.469 1.254 0.226 0.672 3.852 4.435 0.641 2.073 4.004 3.120 1.023 1.392 2.129 2.650 0.712 4.356 2.747 0.076 1.050 2.922 1.295 0.223 2.635 4.319 0.254 0.029 4.732 2.141 3.000 1.190 0.833 0.547 3.279 0.039 1.595 2.019 2.855 1.301 4.700 4.865 
0.643 0.128 1.173 3.265 3.772 0.708 1.035 0.059 0.793 4.649 2.087 2.917 3.144 1.014 0.727 3.011 2.737 4.528 0.286 0.164 4.499 1.304 4.234 2.826 3.730 2.858 1.087 1.440 3.820 0.624 1.138 4.146 2.779 1.147 0.184 1.894 0.937 0.296 4.625 1.641 4.016 2.649 4.453 2.748 0.644 1.352 3.989 3.622 4.468 0.267 4.895 2.193 4.240 2.471 1.876 4.520 0.006 1.775 0.704 3.524 3.078 3.719 3.199 2.387 1.189 4.410 4.049 2.134 1.724 3.526 1.990 2.110 0.372 0.964 3.780 3.766 0.875 3.209 3.916 2.674 1.407 3.689 1.602 0.279 0.906 3.019 2.537 2.471 1.063 2.393 0.951 2.037 3.438 3.065 4.165 2.784 2.897 4.152 1.640 0.880 
