-- Matriz entrante --
0.064 0.566 1.996 4.257 0.168 0.992 2.162 1.158 0.826 0.203 4.350 0.547 2.936 4.327 2.553 1.162 1.625 3.439 1.490 1.925 1.668 2.363 0.877 4.976 4.005 4.010 0.383 4.508 0.187 3.078 1.088 3.682 2.197 3.607 3.072 2.352 1.238 0.493 0.700 4.273 2.671 3.591 2.880 0.677 - 3.691 4.675 2.819 1.674 4.709 2.181 1.722 2.711 0.688 0.193 - 3.603 2.754 1.469 2.427 1.151 1.111 4.588 1.107 4.505 4.807 4.001 0.980 0.316 4.301 3.359 1.862 3.838 0.530 3.326 1.892 1.933 3.460 1.502 4.175 - 3.491 4.349 3.326 0.303 0.555 4.121 0.888 4.032 2.937 4.235 2.646 - 4.142 0.991 2.260 2.658 2.984 2.004 4.759 
2.109 3.863 4.759 4.214 1.725 4.307 3.100 4.465 0.979 2.770 3.875 1.118 1.615 1.616 0.331 3.853 4.229 4.146 0.744 3.793 1.871 - 4.286 3.259 2.139 4.083 4.978 4.454 4.612 3.730 - 4.220 0.200 0.683 1.529 4.481 3.132 1.143 - 3.426 3.586 4.946 0.570 4.688 0.299 3.139 4.620 4.193 4.490 1.668 2.048 2.030 2.286 4.009 3.665 0.896 1.567 2.569 1.619 - 1.482 2.652 4.916 0.472 2.065 4.273 0.354 3.710 2.731 2.207 4.154 3.206 2.601 2.995 0.059 2.639 2.589 1.373 4.630 2.011 3.091 2.309 4.211 4.701 3.144 0.546 0.553 2.964 0.856 1.961 0.278 0.800 0.168 1.303 2.145 1.031 4.652 1.194 4.485 - 
3.018 1.201 0.594 4.216 3.666 2.853 2.618 1.397 3.945 4.883 4.278 1.550 4.529 2.268 1.300 4.016 1.141 4.635 3.504 0.448 0.010 0.490 4.377 - 2.494 - 2.232 2.599 0.172 1.202 3.962 2.115 3.933 3.692 4.686 3.358 4.198 0.801 4.210 3.919 2.750 - 1.658 2.515 - 2.934 2.777 4.261 2.602 2.220 4.420 - 4.745 4.278 0.304 4.046 4.728 3.673 3.034 0.686 4.026 2.178 4.704 4.013 4.301 0.147 1.933 1.767 1.640 1.867 3.942 3.863 3.875 4.565 2.585 1.475 4.779 4.228 3.913 3.174 4.698 3.051 4.628 0.681 3.955 3.967 1.895 1.496 0.761 0.484 0.590 0.217 2.059 0.510 3.217 2.111 0.607 1.392 1.959 1.731 
1.125 0.784 - 1.009 2.728 3.843 0.627 1.116 4.547 2.753     3.175 1.958 0.923 0.247 2.268 2.306 0.057 0.906 3.051 0.280 1.458 0.870 2.124 2.751 2.966 3.491 2.818 0.788 3.149 2.317 0.178 0.051 4.656 1.075 3.204 1.723 0.948 0.671 2.360 3.204 3.697 3.504 2.189 4.237 1.054 4.193 3.360 4.732 0.962 0.888 2.365 2.190 1.246 1.686 4.651 0.061 2.972 1.431 3.704 1.393 3.828 4.628 4.317 1.511 4.599 0.154 1.603 2.173 0.550 3.334 0.382 2.260 1.894 4.418 2.941 2.837 2.012 3.290 0.929 4.200 1.706 0.616 1.400 0.246 1.980 3.351 4.343 0.025 2.518 3.364 1.511 1.350 2.312 - 3.306 4.471 1.653 2.138 4.667 0.662 
2.648 0.596 2.809 0.235 1.746 4.520 2.917 0.735 4.754 2.702 1.976 3.009 1.934 0.426 1.338 3.290 2.418 - 3.657 4.756 4.363 4.643 0.756 4.704 2.282 0.542 3.143 2.213 0.763 2.907 4.856 3.789 4.719 0.383 4.667 3.520 1.466 3.610 1.174 3.660 4.511 3.124 2.184 0.360 2.465 0.303 3.070 4.962 3.573 2.094 1.141 4.268 3.203 4.685 1.678 4.610 0.982 3.045 4.187 3.082 1.657 0.666 2.564 0.882 3.501 4.101 1.619 3.560 0.202 0.235 2.404 3.859 0.098 1.136 0.969 4.920 0.303 - 1.445 1.092 - 0.947 3.140 1.766 2.947 4.606 2.975 2.605 1.128 1.550 4.671 1.372 2.843 4.875 0.650 3.564 2.127 1.724 0.145 2.884 
3.798 0.607 2.358 3.137 1.884 0.324 0.190 0.619 3.673 1.387 3.488 3.683 2.497 3.603 1.927 1.057 3.824 3.327 1.960 3.164 1.522 0.362 3.489 2.094 0.613 2.813 - 1.976 4.668 1.497 0.995 1.094 1.493 4.565 2.973 1.305 2.100 3.161 4.562 2.278 0.486 0.041 4.496 1.264 4.315 1.390 3.418 1.811 1.784 1.764 2.323 4.481 4.325 2.032 4.507 2.583 3.815 1.808 4.142 2.357 4.298 1.967 3.526 0.411 2.860 4.478 3.398 3.750 2.422 2.849 0.247 0.658 2.921 0.008 4.305 - 3.218 0.020 1.985 1.742 0.225 4.630 0.671 4.778 2.857 0.754 0.459 4.924 3.082 4.783 1.678 3.079 3.766 0.487 2.338 2.265 4.590 4.163 2.548 2.954 
2.451 3.735 1.258 2.804 1.889 3.477 4.429 2.890 2.768 1.103 0.090 3.836 1.669 1.934 1.817 2.026 3.549 0.641 3.419 2.592 3.465 3.789 4.876 1.988 1.232 3.659 0.015 0.246 3.035 2.129 4.580 3.340 0.436 3.244 0.448 1.479 - 2.597 4.454 0.231 1.852 2.292 0.950 3.572 2.148 1.356 1.792 1.430 1.037 1.599 0.950 3.045 1.759 4.773 1.960 4.283 3.453 4.926 2.724 3.727 3.145 2.401 3.169 2.730 3.602 1.271 3.876 3.884 1.854 0.429 3.412 3.504 3.435 1.818 1.834 3.849 4.981 2.664 0.311 2.279 2.423 4.460 4.190 2.203 4.564 1.632 0.074 0.767 0.768 1.278 1.614 2.813 0.889 4.922 1.133 0.058 4.459 2.197 3.644 0.913 
1.134 0.894 3.245 0.360 1.630 0.130 1.042 2.994 0.587 2.549 4.812 0.523 0.620 3.863 1.885 3.431 4.435 4.938 3.865 3.013 4.379 2.743 0.833 4.638 - 3.158 2.923 0.210 4.109 0.473 0.048 4.321 3.578 1.978 1.528 1.698 0.302 0.773 2.803 1.824 2.772 3.288 2.656 3.846 3.899 0.257 1.920 3.483 0.384 3.378 1.267 2.922 3.674 4.920 2.399 - 3.887 3.911 3.664 1.000 3.957 2.833 - 0.809 1.946 3.891 4.785 2.795 0.731 2.949 0.245 1.121 3.855 0.440 4.174 2.841 3.412 3.027 0.758 4.075 3.186 3.151 3.513 3.827 3.734 1.312 1.718 - 4.925 3.519 4.999 3.524 1.480 0.062 2.729 0.257 0.441 3.668 1.143 2.871 
3.332 4.685 2.611 4.398 2.309 2.444 2.409 3.574 3.082 0.790 4.104 1.038 0.205 4.865 0.809 0.533 4.221 2.121 3.808 1.866 1.729 0.927 1.888 1.611 4.921 4.534 4.038 4.042 3.832 4.445 2.177 1.695 1.647 3.441 3.776 1.000 4.115 1.270 4.581 4.524 0.343 - 1.415 2.185 2.452 0.347 0.752 3.290 4.666 0.818 2.218 2.239 4.641 2.034 4.269 3.154 3.876 0.262 4.372 3.623 3.244 1.715 1.641 2.407 2.089 1.481 0.650 2.970 3.642 1.818 0.078 0.112 3.998 4.053 4.654 0.202 0.321 2.590 1.689 4.020 1.070 1.427 1.835 2.482 0.533 1.095 4.261 1.474 1.291 1.924 2.822 2.536 4.023 2.035 0.629 2.494 2.212 4.130 1.006 3.308 
0.652 4.982 0.886 4.187 1.557 1.580 2.495 2.722 1.711 0.082 2.691 1.323 2.936 3.269 3.263 1.735 3.135 2.768 4.439 1.127 1.988 0.550 3.622 4.993 2.830 0.486 0.384 2.340 0.380 3.720 3.885 4.559 4.388 1.953 0.684 - 4.210 0.120 2.506 4.097 2.455 1.789 0.544 0.378 2.096 0.045 2.079 1.839 2.215 2.226 - 3.729 0.960 2.092 4.901 4.799 - 3.370 0.041 0.059 3.679 1.671 4.493 4.306 0.264 - 3.255 2.345 0.997 3.924 3.508 2.806 1.662 0.658 1.942 - 2.974 4.376 0.180 0.442 1.460 4.670 2.115 2.343 0.541 2.793 2.891 2.112 4.527 1.068 4.225 0.791 0.297 3.395 4.745 4.290 0.247 1.062 4.161 0.186 
4.635 3.439 1.551 3.712 3.808 1.444 4.897 2.820 2.215 3.130 2.859 2.490 3.441 1.947 4.288 4.881 0.938 2.770 3.191 0.282 2.675 1.043 0.396 3.071 4.511 3.577 1.149 4.122 4.324 3.071 4.331 0.116 4.734 2.176 4.958 3.783 2.063 1.541 4.271 3.157 2.504 4.008 1.872 3.463 4.219 4.642 4.529 3.376 3.329 2.389 1.820 1.064 2.759 4.949 2.131 4.740 1.839 4.313 4.796 3.389 4.737 1.621 3.176 4.081 3.300 0.673 1.725 2.397 4.182 4.402 0.294 1.920 2.812 4.969 4.906 0.124 1.701 0.909 0.444 0.383 2.378 3.160 2.717 4.327 2.234 3.812 4.178 4.932 2.983 1.319 1.975 4.067 1.815 2.214 1.281 4.469 3.235 0.509 1.442 4.377 
3.020 3.111 0.824 3.745 1.389 1.535 1.809 4.546 4.000 0.044 1.881 0.296 0.647 1.621 4.942 3.163 0.938 1.921 3.168 0.239 1.117 1.454 3.589 4.498 3.629 2.422 0.783 1.427 3.064 2.335 2.912 4.716 0.054 3.939 2.493 2.519 4.790 3.839 2.948 4.343 0.311 3.579 4.942 0.608 2.166 0.862 4.605 4.341 3.911 0.779 4.056 3.548 0.244 1.590 3.099 3.481 - 3.792 3.266 2.438 4.863 - 0.825 0.610 2.257 0.115 2.947 3.766 3.351 2.012 0.684 0.150 4.430 - 4.648 2.681 1.667 2.424 2.017 2.473 4.947 1.566 1.961 4.138 3.866 1.618 3.819 2.544 0.882 1.592 2.662 3.194 - 4.652 2.267 4.606 2.748 2.319 3.863 2.336 
0.036 1.986 3.620 2.325 1.206 3.189 2.669 4.933 4.849 3.879 3.982 4.153 0.264 0.075 3.001 4.752 0.703 2.377 0.886 1.197 0.834 1.765 2.940 2.154 3.482 2.438 1.132 4.444 2.453 1.749 0.792 1.358 3.526 1.081 1.005 0.411 2.599 1.531 3.141 1.682 3.069 0.202 4.919 0.242 2.883 4.093 4.627 2.143 1.737 1.706 0.486 4.887 2.244 2.115 4.897 2.608 0.517 3.576 2.855 0.126 3.667 2.721 4.517 0.722 1.262 2.862 3.244 0.580 2.766 0.374 1.558 2.060 0.169 4.166 1.071 2.113 0.344 2.977 4.097 3.697 1.341 1.899 3.795 4.664 2.021 2.110 1.915 1.115 1.461 4.297 2.226 0.731 4.969 2.321 0.100 3.618 0.200 0.510 2.080 1.547 
4.222 3.448 2.690 4.838 0.403 3.817 2.208 3.735 2.800 0.888 2.957 2.075 3.981 1.913 2.938 4.004 4.477 0.720 4.281 4.740 2.802 2.031 3.642 2.762 3.684 2.104 1.652 1.558 2.911 1.284 2.782 1.182 3.816 3.526 0.034 4.738 0.733 3.556 2.362 1.661 4.045 2.079 1.085 2.845 1.916 1.352 0.313 1.445 1.299 1.651 4.932 4.910 3.762 4.107 1.099 0.287 4.718 0.942 0.746 2.444 3.138 3.563 0.125 4.558 1.306 1.985 1.703 2.576 2.107 4.413 0.294 4.218 3.398 0.219 4.431 4.459 4.226 4.646 1.335 1.849 2.163 2.552 3.164 0.082 1.614 3.253 1.993 0.550 0.960 2.315 0.733 4.874 2.819 4.899 1.370 0.284 0.526 1.385 4.742 2.827 
2.145 1.993 4.364 2.012 4.445 0.902 2.041 0.359 2.170 1.451 0.245 - 1.140 1.194 3.773 1.879 4.778 4.893 0.057 2.674 4.342 4.003 0.529 - 3.766 1.008 0.580 3.197 2.447 0.983 3.788 1.314 0.803 2.341 0.374 1.961 1.836 - 1.853 1.375 2.933 4.147 1.347 2.951 2.313 0.027 1.774 2.034 1.710 4.659 1.462 0.324 2.231 0.920 1.637 4.616 2.395 4.674 0.518 3.473 1.091 1.111 2.589 4.294 1.298 4.759 0.662 4.038 1.207 0.551 3.938 2.045 1.380 3.974 0.343 3.683 0.036 2.902 2.599 2.008 2.960 1.704 0.385 2.440 1.351 4.410 4.977 1.267 2.606 4.688 1.250 0.338 0.173 1.224 3.604 1.256 2.520 - 3.046 3.268 
0.677 1.989 3.497 1.485 4.979 3.875 1.645 3.465 2.568 1.226 1.589 - - 1.159 2.411 3.292 4.929 4.100 2.970 0.236 0.838 3.345 4.164 1.890 4.370 2.863 1.931 4.477 3.083 3.025 3.110 - 1.418 3.454 3.567 0.778 3.161 1.374 3.759 4.543 3.722 2.604 - 4.081 2.818 1.502 3.671 3.341 0.743 1.131 0.547 1.800 3.579 3.611 4.225 2.634 4.465 3.275 3.719 4.269 2.002 3.156 3.760 4.552 0.143 3.018 2.300 3.147 1.268 1.338 0.976 0.749 4.169 3.580 3.993 3.098 3.506 4.193 4.321 2.262 3.177 4.456 4.916 4.872 1.792 0.964 1.798 0.199 2.965 0.908 1.011 4.535 - 2.419 0.754 1.704 4.836 4.248 0.038 1.857 
0.305 1.129 1.607 3.708 2.286 - 0.734 0.912 4.755 2.631     4.241 1.615 0.327 1.573 0.045 1.594 4.859 1.923 4.398 3.774 4.729 3.415 4.526 1.183 0.921 4.607 1.677 4.862 2.681 1.853 1.436 2.033 0.070 4.397 4.763 1.140 4.213 4.359 3.517 2.801 3.699 3.469 4.129 3.209 4.213 2.735 0.058 3.382 0.723 1.286 2.226 4.438 0.337 0.750 2.985 4.580 2.182 2.503 4.664 2.591 4.934 0.458 3.067 3.611 4.861 - - 2.108 1.207 2.316 0.783 3.780 3.199 3.380 4.601 4.035 0.327 4.129 4.958 1.368 - 3.878 2.288 2.438 2.004 3.123 0.330 4.025 4.919 0.568 3.064 4.415 1.241 4.221 0.832 3.637 2.991 2.135 0.093 4.384 
3.864 1.039 3.869 1.742 4.810 1.259 - 4.679 1.651 3.174     3.726 0.777 4.338 0.785 3.093 4.375 2.825 4.115 4.248 1.789 3.037 1.156 1.261 4.272 4.277 4.011 1.521 3.123 0.432 4.375 4.811 3.602 3.191 4.748 3.309 1.989 2.343 1.512 1.719 3.913 3.348 0.130 0.727 3.686 2.632 1.268 4.603 3.257 3.631 2.082 4.267 1.243 3.702 4.643 1.220 3.123 2.657 1.073 0.808 3.780 3.556 3.993 0.564 2.875 0.668 2.316 1.698 0.625 1.707 4.834 2.001 1.725 2.797 3.527 3.841 0.041 1.697 2.641 3.201 0.257 4.250 2.474 0.944 1.270 1.951 3.600 2.136 0.602 1.019 2.671 0.234 2.588 1.518 0.409 1.532 4.768 0.058 4.622 2.619 1.313 
3.229 0.585 0.757 3.621 2.830 0.983 4.452 3.236 2.909 0.250 2.696 3.605 2.744 3.896 3.531 3.920 1.533 2.808 0.415 4.570 4.181 1.836 4.871 2.860 0.570 0.228 2.440 0.827 3.354 - 4.079 - 0.815 2.212 1.100 1.727 0.339 3.083 0.552 0.532 1.859 4.345 1.790 1.762 4.231 2.792 2.637 1.166 1.647 3.845 0.576 0.481 - 1.107 3.702 4.861 3.447 3.634 2.117 4.885 3.211 - 0.678 3.065 2.533 4.802 1.432 2.593 0.836 3.855 3.297 4.507 3.865 3.680 1.034 1.560 2.364 4.878 0.175 1.561 4.647 1.989 1.312 3.949 3.845 0.470 2.201 3.392 1.469 4.264 1.648 4.044 3.915 0.810 4.568 3.224 2.875 0.384 1.077 0.857 
3.041 0.216 2.527 0.648 3.678 3.592 3.515 2.102 - 0.343       0.454 2.856 2.323 1.667 4.079 3.318 2.675 0.015 4.679 4.840 - 0.017 4.056 1.308 0.408 1.718 2.240 2.425 0.391 2.286 4.377 3.555 - 0.430 4.854 0.984 1.824 4.413 0.465 4.629 4.652 0.615 1.042 4.701 0.771 3.919 3.850 4.319 3.785 1.805 0.943 4.824 1.572 0.231 2.845 3.084 1.111 0.742 4.619 0.003 4.195 2.950 4.597 - 1.159 1.806 1.236 2.774 4.540 0.034 0.759 4.030 2.215 0.823 4.899 0.261 2.929 1.596 1.639 1.990 2.131 2.614 1.484 2.315 2.288 1.832 1.248 - 4.069 0.076 0.667 0.305 0.816 0.755 3.977 3.740 4.436 3.540 4.309 0.042 
2.475 3.506 2.171 2.207 1.071 3.544 3.815 0.264 1.518 4.202 1.004 - 1.204 3.227 4.024 1.117 4.741 4.326 3.166 4.443 2.372 3.389 2.564 3.262 4.620 3.323 2.534 4.340 3.130 4.075 - 4.046 1.809 2.893 0.927 1.734 3.212 3.025 4.539 0.144 0.346 4.114 0.265 1.051 2.911 0.393 0.333 - 2.751 1.144 2.996 2.803 1.739 2.541 2.803 4.669 3.183 1.518 2.602 0.776 1.718 4.767 0.839 0.657 4.301 2.747 2.751 - 2.958 1.493 2.936 0.806 0.595 2.400 2.948 3.789 1.670 2.535 4.751 4.097 3.585 4.977 3.029 4.728 4.286 2.609 4.417 4.768 3.376 1.562 1.419 2.370 0.105 4.611 4.878 4.547 2.867 3.591 3.645 4.486 
3.534 2.315 2.882 0.298 2.692 4.213 1.570 0.273 4.912 2.886 1.021 2.211 4.952 4.945 4.157 2.285 0.042 2.898 2.537 0.867 0.582 3.627 3.404 1.158 1.059 0.810 2.279 1.029 4.226 0.790 3.981 1.551 4.629 3.819 1.241 2.297 1.611 3.033 4.534 0.175 1.480 4.451 0.392 1.517 1.191 3.286 2.043 2.809 3.541 1.397 1.811 4.718 2.032 4.510 1.882 2.279 4.611 0.491 1.714 1.077 1.805 2.072 4.379 1.837 1.869 0.016 2.544 4.332 1.708 3.926 3.752 3.600 4.280 1.270 3.025 0.607 0.981 3.268 0.813 1.016 3.916 1.330 0.115 3.500 4.374 1.665 4.508 1.274 2.659 3.122 4.867 - 1.279 4.253 4.806 0.519 4.686 3.142 0.526 3.142 
3.240 0.229 3.811 4.866 1.559 3.848 3.255 2.045 0.554 1.398 2.570 1.165 4.280 0.834 3.297 3.968 0.255 0.098 2.306 2.765 0.542 3.451 1.742 2.195 0.562 1.611 1.192 1.599 3.082 1.073 2.764 2.312 - 2.536 0.236 0.927 3.389 2.564 0.307 0.182 3.699 1.136 3.131 0.337 2.030 0.041 1.997 1.069 4.216 3.686 2.127 2.600 3.428 3.489 1.806 0.038 3.661 0.304 2.390 4.644 3.335 1.536 2.031 1.770 2.935 2.481 1.159 3.287 3.275 4.927 0.823 2.688 4.091 4.925 0.012 2.582 4.045 2.417 2.666 3.644 0.215 0.243 3.811 2.795 4.153 1.345 2.708 0.043 3.616 4.424 1.357 3.579 4.173 1.757 3.298 0.271 4.261 1.488 0.739 0.037 
2.003 2.195 3.162 4.015 1.612 3.666 2.486 0.100 2.495 2.443 2.294 2.825 1.819 2.134 3.926 1.851 2.686 3.296 3.430 3.493 4.267 0.069 3.045 0.282 4.360 0.160 4.046 3.551 3.336 0.922 3.928 0.926 0.564 4.720 2.766 0.714 1.118 2.682 2.908 2.549 0.064 3.982 4.917 4.879 0.775 2.344 2.936 2.644 3.119 2.785 1.990 1.412 0.949 4.073 0.294 0.585 3.081 4.848 1.070 0.813 4.469 1.254 0.226 0.672 3.852 4.435 0.641 2.073 4.004 3.120 1.023 1.392 2.129 2.650 0.712 4.356 2.747 0.076 1.050 2.922 - 0.223 2.635 4.319 0.254 0.029 4.732 2.141 3.000 1.190 0.833 0.547 3.279 0.039 - 2.019 2.855 1.301 4.700 4.865 
0.643 0.128 1.173 3.265 3.772 0.708 1.035 0.059 0.793 4.649 2.087 2.917 3.144 1.014 0.727 3.011 2.737 4.528 0.286 0.164 4.499 1.304 4.234 2.826 - 2.858 1.087 1.440 3.820 0.624 1.138 4.146 2.779 1.147 0.184 1.894 0.937 0.296 4.625 1.641 4.016 2.649 4.453 2.748 0.644 1.352 3.989 3.622 4.468 0.267 4.895 2.193 4.240 2.471 1.876 4.520 0.006 1.775 0.704 3.524 3.078 3.719 3.199 2.387 1.189 4.410 4.049 2.134 1.724 3.526 - 2.110 0.372 0.964 3.780 3.766 - 3.209 3.916 2.674 1.407 3.689 1.602 0.279 0.906 3.019 2.537 2.471 1.063 2.393 0.951 2.037 3.438 3.065 4.165 2.784 2.897 4.152 1.640 0.880 


Persona 0 e item 44 prediccion 0.402 con vecinos [23, 9, 7] y sim [0.17301950928283047, 0.16241611225832797, 0.10593730851522913]
Persona 0 e item 55 prediccion 0.525 con vecinos [23, 9, 7] y sim [0.17301950928283047, 0.16241611225832797, 0.10593730851522913]
Persona 0 e item 80 prediccion 0.428 con vecinos [23, 9, 7] y sim [0.17301950928283047, 0.16241611225832797, 0.10593730851522913]
Persona 0 e item 92 prediccion 0.35 con vecinos [23, 9, 7] y sim [0.17301950928283047, 0.16241611225832797, 0.10593730851522913]
Persona 1 e item 21 prediccion 0.585 con vecinos [12, 15, 6] y sim [0.28705601303502376, 0.2697663870323718, 0.2528523645582989]
Persona 1 e item 30 prediccion 0.549 con vecinos [12, 15, 6] y sim [0.28705601303502376, 0.2697663870323718, 0.2528523645582989]
Persona 1 e item 38 prediccion 0.751 con vecinos [12, 15, 6] y sim [0.28705601303502376, 0.2697663870323718, 0.2528523645582989]
Persona 1 e item 59 prediccion 0.526 con vecinos [12, 15, 6] y sim [0.28705601303502376, 0.2697663870323718, 0.2528523645582989]
Persona 1 e item 99 prediccion 0.29 con vecinos [12, 15, 6] y sim [0.28705601303502376, 0.2697663870323718, 0.2528523645582989]
Persona 2 e item 23 prediccion 0.678 con vecinos [17, 16, 4] y sim [0.3048709415228139, 0.24691998469257076, 0.21043470401189515]
Persona 2 e item 25 prediccion 0.649 con vecinos [17, 16, 4] y sim [0.3048709415228139, 0.24691998469257076, 0.21043470401189515]
Persona 2 e item 41 prediccion 0.408 con vecinos [17, 16, 4] y sim [0.3048709415228139, 0.24691998469257076, 0.21043470401189515]
Persona 2 e item 44 prediccion 0.62 con vecinos [17, 16, 4] y sim [0.3048709415228139, 0.24691998469257076, 0.21043470401189515]
Persona 2 e item 51 prediccion 0.623 con vecinos [17, 16, 4] y sim [0.3048709415228139, 0.24691998469257076, 0.21043470401189515]
Persona 3 e item 2 prediccion 0.346 con vecinos [24, 19, 10] y sim [0.21741588481037005, 0.19174294528133712, 0.18549010563346469]
Persona 3 e item 93 prediccion 0.411 con vecinos [24, 19, 10] y sim [0.21741588481037005, 0.19174294528133712, 0.18549010563346469]
Persona 4 e item 17 prediccion 0.505 con vecinos [2, 19, 16] y sim [0.21043470401189512, 0.1511398068504098, 0.10929169709126314]
Persona 4 e item 77 prediccion 0.672 con vecinos [2, 19, 16] y sim [0.21043470401189512, 0.1511398068504098, 0.10929169709126314]
Persona 4 e item 80 prediccion 0.725 con vecinos [2, 19, 16] y sim [0.21043470401189512, 0.1511398068504098, 0.10929169709126314]
Persona 5 e item 26 prediccion 0.547 con vecinos [18, 8, 16] y sim [0.30266993681245996, 0.2806572747703608, 0.2598022384914995]
Persona 5 e item 75 prediccion 0.374 con vecinos [18, 8, 16] y sim [0.30266993681245996, 0.2806572747703608, 0.2598022384914995]
Persona 6 e item 36 prediccion 0.281 con vecinos [13, 1, 18] y sim [0.33391734677130486, 0.25285236455829885, 0.1994866556929704]
Persona 7 e item 24 prediccion 0.377 con vecinos [5, 6, 15] y sim [0.19730670023182, 0.19276721437816716, 0.15199707147726244]
Persona 7 e item 55 prediccion 0.64 con vecinos [5, 6, 15] y sim [0.19730670023182, 0.19276721437816716, 0.15199707147726244]
Persona 7 e item 62 prediccion 0.693 con vecinos [5, 6, 15] y sim [0.19730670023182, 0.19276721437816716, 0.15199707147726244]
Persona 7 e item 87 prediccion 0.424 con vecinos [5, 6, 15] y sim [0.19730670023182, 0.19276721437816716, 0.15199707147726244]
Persona 8 e item 41 prediccion 0.417 con vecinos [11, 5, 15] y sim [0.3386517546208236, 0.28065727477036084, 0.13380735748976239]
Persona 9 e item 35 prediccion 0.657 con vecinos [11, 13, 0] y sim [0.2328327144793682, 0.22726328221741973, 0.16241611225832794]
Persona 9 e item 50 prediccion 0.777 con vecinos [11, 13, 0] y sim [0.2328327144793682, 0.22726328221741973, 0.16241611225832794]
Persona 9 e item 56 prediccion 0.851 con vecinos [11, 13, 0] y sim [0.2328327144793682, 0.22726328221741973, 0.16241611225832794]
Persona 9 e item 65 prediccion 0.404 con vecinos [11, 13, 0] y sim [0.2328327144793682, 0.22726328221741973, 0.16241611225832794]
Persona 9 e item 75 prediccion 0.625 con vecinos [11, 13, 0] y sim [0.2328327144793682, 0.22726328221741973, 0.16241611225832794]
Persona 11 e item 56 prediccion 0.628 con vecinos [8, 10, 5] y sim [0.3386517546208236, 0.311412427801596, 0.23387375986992573]
Persona 11 e item 61 prediccion 0.35 con vecinos [8, 10, 5] y sim [0.3386517546208236, 0.311412427801596, 0.23387375986992573]
Persona 11 e item 73 prediccion 0.661 con vecinos [8, 10, 5] y sim [0.3386517546208236, 0.311412427801596, 0.23387375986992573]
Persona 11 e item 92 prediccion 0.635 con vecinos [8, 10, 5] y sim [0.3386517546208236, 0.311412427801596, 0.23387375986992573]
Persona 14 e item 11 prediccion 0.572 con vecinos [20, 23, 24] y sim [0.1674311799926341, 0.16045661728125882, 0.09277466834560907]
Persona 14 e item 23 prediccion 0.406 con vecinos [20, 23, 24] y sim [0.1674311799926341, 0.16045661728125882, 0.09277466834560907]
Persona 14 e item 37 prediccion 0.458 con vecinos [20, 23, 24] y sim [0.1674311799926341, 0.16045661728125882, 0.09277466834560907]
Persona 14 e item 97 prediccion 0.568 con vecinos [20, 23, 24] y sim [0.1674311799926341, 0.16045661728125882, 0.09277466834560907]
Persona 15 e item 11 prediccion 0.351 con vecinos [16, 1, 19] y sim [0.30009157894927857, 0.2697663870323719, 0.19279010678027517]
Persona 15 e item 12 prediccion 0.257 con vecinos [16, 1, 19] y sim [0.30009157894927857, 0.2697663870323719, 0.19279010678027517]
Persona 15 e item 31 prediccion 0.638 con vecinos [16, 1, 19] y sim [0.30009157894927857, 0.2697663870323719, 0.19279010678027517]
Persona 15 e item 42 prediccion 0.418 con vecinos [16, 1, 19] y sim [0.30009157894927857, 0.2697663870323719, 0.19279010678027517]
Persona 15 e item 92 prediccion 0.151 con vecinos [16, 1, 19] y sim [0.30009157894927857, 0.2697663870323719, 0.19279010678027517]
Persona 16 e item 5 prediccion 0.484 con vecinos [15, 5, 2] y sim [0.30009157894927857, 0.2598022384914995, 0.24691998469257073]
Persona 16 e item 65 prediccion 0.522 con vecinos [15, 5, 2] y sim [0.30009157894927857, 0.2598022384914995, 0.24691998469257073]
Persona 16 e item 66 prediccion 0.508 con vecinos [15, 5, 2] y sim [0.30009157894927857, 0.2598022384914995, 0.24691998469257073]
Persona 16 e item 80 prediccion 0.538 con vecinos [15, 5, 2] y sim [0.30009157894927857, 0.2598022384914995, 0.24691998469257073]
Persona 17 e item 6 prediccion 0.656 con vecinos [2, 10, 13] y sim [0.3048709415228139, 0.2942230025874456, 0.25481400702513024]
Persona 18 e item 29 prediccion 0.225 con vecinos [22, 5, 21] y sim [0.3458695789274066, 0.3026699368124599, 0.2760990649456774]
Persona 18 e item 31 prediccion 0.337 con vecinos [22, 5, 21] y sim [0.3458695789274066, 0.3026699368124599, 0.2760990649456774]
Persona 18 e item 52 prediccion 0.661 con vecinos [22, 5, 21] y sim [0.3458695789274066, 0.3026699368124599, 0.2760990649456774]
Persona 18 e item 61 prediccion 0.367 con vecinos [22, 5, 21] y sim [0.3458695789274066, 0.3026699368124599, 0.2760990649456774]
Persona 19 e item 8 prediccion 0.789 con vecinos [15, 3, 16] y sim [0.19279010678027517, 0.19174294528133712, 0.18532614585650148]
Persona 19 e item 20 prediccion 0.462 con vecinos [15, 3, 16] y sim [0.19279010678027517, 0.19174294528133712, 0.18532614585650148]
Persona 19 e item 32 prediccion 0.414 con vecinos [15, 3, 16] y sim [0.19279010678027517, 0.19174294528133712, 0.18532614585650148]
Persona 19 e item 63 prediccion 0.645 con vecinos [15, 3, 16] y sim [0.19279010678027517, 0.19174294528133712, 0.18532614585650148]
Persona 19 e item 87 prediccion 0.277 con vecinos [15, 3, 16] y sim [0.19279010678027517, 0.19174294528133712, 0.18532614585650148]
Persona 20 e item 11 prediccion 0.634 con vecinos [5, 14, 23] y sim [0.20949850611959803, 0.1674311799926341, 0.15891903951304137]
Persona 20 e item 30 prediccion 0.548 con vecinos [5, 14, 23] y sim [0.20949850611959803, 0.1674311799926341, 0.15891903951304137]
Persona 20 e item 47 prediccion 0.426 con vecinos [5, 14, 23] y sim [0.20949850611959803, 0.1674311799926341, 0.15891903951304137]
Persona 20 e item 67 prediccion 0.669 con vecinos [5, 14, 23] y sim [0.20949850611959803, 0.1674311799926341, 0.15891903951304137]
Persona 21 e item 91 prediccion 0.728 con vecinos [22, 18, 5] y sim [0.28603701127873526, 0.2760990649456774, 0.17075631860333043]
Persona 22 e item 32 prediccion 0.563 con vecinos [18, 21, 13] y sim [0.34586957892740655, 0.28603701127873526, 0.17360481560694063]
Persona 23 e item 80 prediccion 0.629 con vecinos [10, 0, 11] y sim [0.17492536121712368, 0.17301950928283047, 0.1703893096950312]
Persona 23 e item 94 prediccion 0.302 con vecinos [10, 0, 11] y sim [0.17492536121712368, 0.17301950928283047, 0.1703893096950312]
Persona 24 e item 24 prediccion 0.634 con vecinos [17, 3, 1] y sim [0.23025706282738242, 0.21741588481037005, 0.2041050578834739]
Persona 24 e item 70 prediccion 0.427 con vecinos [17, 3, 1] y sim [0.23025706282738242, 0.21741588481037005, 0.2041050578834739]
Persona 24 e item 76 prediccion 0.416 con vecinos [17, 3, 1] y sim [0.23025706282738242, 0.21741588481037005, 0.2041050578834739]


-- Similitud entre personas--
Persona 0 tiene la siguiente similitud [-0.18505277  0.01897138  0.00112402 -0.06174268  0.05705036 -0.29917587
  0.10593731  0.05616656  0.16241611 -0.038473    0.00602189 -0.02548419
 -0.16689853 -0.0345076  -0.01244779  0.0999795  -0.1563696   0.04711617
 -0.16959661 -0.10144671 -0.0642151   0.07243738  0.17301951 -0.16158329]
Vecinos validos [23, 9, 7] 
Persona 1 tiene la siguiente similitud [-0.18505277 -0.03672149 -0.22882878 -0.12643185 -0.01651114  0.25285236
 -0.18061331 -0.05782461 -0.15418535 -0.18867571 -0.10380759  0.28705601
  0.10520444 -0.06012053  0.26976639 -0.10302435 -0.07676106  0.07452732
 -0.01505634 -0.05782971 -0.26006727  0.09673977  0.1011877   0.20410506]
Vecinos validos [12, 15, 6] 
Persona 2 tiene la siguiente similitud [ 0.01897138 -0.03672149  0.11698308  0.2104347  -0.2588209   0.11938131
 -0.10242769 -0.14119304 -0.17617737  0.12865678 -0.01901142  0.00862475
  0.07423341 -0.30446207  0.05785239  0.24691998  0.30487094 -0.19287879
 -0.03472685 -0.20414058 -0.18533446 -0.02227349  0.01230245  0.20216215]
Vecinos validos [17, 16, 4] 
Persona 3 tiene la siguiente similitud [ 0.00112402 -0.22882878  0.11698308  0.08344919 -0.08407566 -0.22465138
 -0.01393114 -0.11274763 -0.06026053  0.18549011  0.07662349  0.14238012
 -0.1338239  -0.10341    -0.13864404  0.03063981  0.10265596 -0.06664948
  0.19174295 -0.21921529 -0.05267967 -0.10178667 -0.00826094  0.21741588]
Vecinos validos [24, 19, 10] 
Persona 4 tiene la siguiente similitud [-0.06174268 -0.12643185  0.2104347   0.08344919 -0.26952646 -0.09064396
  0.07145901 -0.17685612 -0.08053812  0.10287625 -0.17702521  0.03225726
 -0.17102805  0.02594512 -0.07800976  0.1092917   0.0926667  -0.15917685
  0.15113981 -0.04721008 -0.08030875 -0.01105615 -0.19566433 -0.05476447]
Vecinos validos [2, 19, 16] 
Persona 5 tiene la siguiente similitud [ 0.05705036 -0.01651114 -0.2588209  -0.08407566 -0.26952646  0.13278134
  0.1973067   0.28065727 -0.0454843  -0.01429856  0.23387376 -0.13391868
 -0.08822583 -0.10270958  0.17300061  0.25980224 -0.1338626   0.30266994
  0.0268194   0.20949851  0.17075632  0.06952098  0.06132845  0.02549126]
Vecinos validos [18, 8, 16] 
Persona 6 tiene la siguiente similitud [-2.99175866e-01  2.52852365e-01  1.19381307e-01 -2.24651384e-01
 -9.06439621e-02  1.32781343e-01  1.92767214e-01 -1.77867711e-01
  8.78293615e-04 -1.56493252e-01  7.15180454e-02 -2.01049372e-01
  3.33917347e-01 -5.03489979e-02  1.81952485e-01  3.45263901e-05
 -2.90451873e-01  1.99486656e-01 -2.29671685e-02  8.71391436e-02
  7.92244731e-02  3.38682449e-02  1.24591867e-01 -8.81427964e-02]
Vecinos validos [13, 1, 18] 
Persona 7 tiene la siguiente similitud [ 0.10593731 -0.18061331 -0.10242769 -0.01393114  0.07145901  0.1973067
  0.19276721  0.03356262  0.04360035 -0.07938473 -0.11475876 -0.04766659
  0.11152309 -0.06482078  0.15199707  0.09250578 -0.08114052  0.07571277
 -0.22012578 -0.06169867  0.10233283  0.09318244 -0.05647298 -0.15417393]
Vecinos validos [5, 6, 15] 
Persona 8 tiene la siguiente similitud [ 0.05616656 -0.05782461 -0.14119304 -0.11274763 -0.17685612  0.28065727
 -0.17786771  0.03356262  0.12925111  0.05204555  0.33865175 -0.22066633
  0.03985067 -0.23270168  0.13380736  0.1271695  -0.03097469 -0.21559125
 -0.06086033  0.11394757 -0.02406699 -0.10551759  0.07421748 -0.15258551]
Vecinos validos [11, 5, 15] 
Persona 9 tiene la siguiente similitud [ 1.62416112e-01 -1.54185348e-01 -1.76177366e-01 -6.02605294e-02
 -8.05381235e-02 -4.54842989e-02  8.78293615e-04  4.36003541e-02
  1.29251112e-01 -5.09211763e-02  2.32832714e-01  1.02100569e-02
  2.27263282e-01  1.10794709e-02  2.71893924e-03  2.64143862e-02
  8.86992873e-02  1.28529642e-02 -4.64606205e-02  1.87253588e-02
 -1.39943831e-01 -2.09296350e-01  4.25954649e-05 -5.72342623e-02]
Vecinos validos [11, 13, 0] 
Persona 11 tiene la siguiente similitud [ 0.00602189 -0.10380759 -0.01901142  0.07662349 -0.17702521  0.23387376
  0.07151805 -0.11475876  0.33865175  0.23283271  0.31141243  0.14279932
 -0.0492592  -0.21051329  0.11659769 -0.21946373  0.14331964  0.1106027
  0.09655776  0.00447191  0.07345714  0.03356901  0.17038931 -0.09788356]
Vecinos validos [8, 10, 5] 
Persona 14 tiene la siguiente similitud [-0.0345076  -0.06012053 -0.30446207 -0.10341     0.02594512 -0.10270958
 -0.050349   -0.06482078 -0.23270168  0.01107947 -0.17188951 -0.21051329
 -0.06001711 -0.05021346 -0.01705366 -0.22968381 -0.03919313  0.07638543
 -0.14091723  0.16743118 -0.06514975  0.028529    0.16045662  0.09277467]
Vecinos validos [20, 23, 24] 
Persona 15 tiene la siguiente similitud [-0.01244779  0.26976639  0.05785239 -0.13864404 -0.07800976  0.17300061
  0.18195248  0.15199707  0.13380736  0.00271894  0.09388084  0.11659769
  0.11056368 -0.16873628 -0.01705366  0.30009158  0.1073307  -0.15662278
  0.19279011 -0.04587232 -0.14284647 -0.17811311 -0.08782705  0.1398109 ]
Vecinos validos [16, 1, 19] 
Persona 16 tiene la siguiente similitud [ 9.99795033e-02 -1.03024348e-01  2.46919985e-01  3.06398094e-02
  1.09291697e-01  2.59802238e-01  3.45263901e-05  9.25057751e-02
  1.27169505e-01  2.64143862e-02 -1.13551841e-01 -2.19463734e-01
 -1.17467189e-01 -1.62340944e-02 -2.29683812e-01  3.00091579e-01
 -7.30805928e-02 -1.36498748e-01  1.85326146e-01  1.11460280e-01
 -2.54086750e-01 -2.06912922e-01 -9.56906631e-02  6.25521764e-02]
Vecinos validos [15, 5, 2] 
Persona 17 tiene la siguiente similitud [-0.1563696  -0.07676106  0.30487094  0.10265596  0.0926667  -0.1338626
 -0.29045187 -0.08114052 -0.03097469  0.08869929  0.294223    0.14331964
 -0.01377263  0.25481401 -0.03919313  0.1073307  -0.07308059 -0.15892171
  0.11182445 -0.27490743 -0.13205061 -0.06421353 -0.04151186  0.23025706]
Vecinos validos [2, 10, 13] 
Persona 18 tiene la siguiente similitud [ 0.04711617  0.07452732 -0.19287879 -0.06664948 -0.15917685  0.30266994
  0.19948666  0.07571277 -0.21559125  0.01285296 -0.09618016  0.1106027
  0.06307171  0.08647631  0.07638543 -0.15662278 -0.13649875 -0.15892171
 -0.05656831 -0.19988154  0.27609906  0.34586958  0.00209239 -0.10482948]
Vecinos validos [22, 5, 21] 
Persona 19 tiene la siguiente similitud [-0.16959661 -0.01505634 -0.03472685  0.19174295  0.15113981  0.0268194
 -0.02296717 -0.22012578 -0.06086033 -0.04646062  0.08913428  0.09655776
 -0.13852366 -0.04015077 -0.14091723  0.19279011  0.18532615  0.11182445
 -0.05656831 -0.12975057 -0.17069199 -0.21031731 -0.03280105 -0.02772877]
Vecinos validos [15, 3, 16] 
Persona 20 tiene la siguiente similitud [-0.10144671 -0.05782971 -0.20414058 -0.21921529 -0.04721008  0.20949851
  0.08713914 -0.06169867  0.11394757  0.01872536 -0.21399853  0.00447191
 -0.03289284 -0.05831422  0.16743118 -0.04587232  0.11146028 -0.27490743
 -0.19988154 -0.12975057  0.00668161 -0.03860707  0.15891904  0.00610717]
Vecinos validos [5, 14, 23] 
Persona 21 tiene la siguiente similitud [-0.0642151  -0.26006727 -0.18533446 -0.05267967 -0.08030875  0.17075632
  0.07922447  0.10233283 -0.02406699 -0.13994383  0.14366831  0.07345714
 -0.31937624 -0.06815732 -0.06514975 -0.14284647 -0.25408675 -0.13205061
  0.27609906 -0.17069199  0.00668161  0.28603701  0.01427819 -0.00197376]
Vecinos validos [22, 18, 5] 
Persona 22 tiene la siguiente similitud [ 0.07243738  0.09673977 -0.02227349 -0.10178667 -0.01105615  0.06952098
  0.03386824  0.09318244 -0.10551759 -0.20929635 -0.05961005  0.03356901
  0.02607926  0.17360482  0.028529   -0.17811311 -0.20691292 -0.06421353
  0.34586958 -0.21031731 -0.03860707  0.28603701  0.08919633  0.05002198]
Vecinos validos [18, 21, 13] 
Persona 23 tiene la siguiente similitud [ 1.73019509e-01  1.01187697e-01  1.23024497e-02 -8.26093531e-03
 -1.95664334e-01  6.13284524e-02  1.24591867e-01 -5.64729823e-02
  7.42174820e-02  4.25954649e-05  1.74925361e-01  1.70389310e-01
 -1.52016618e-01  5.05219291e-02  1.60456617e-01 -8.78270528e-02
 -9.56906631e-02 -4.15118626e-02  2.09238529e-03 -3.28010482e-02
  1.58919040e-01  1.42781916e-02  8.91963290e-02 -8.90834624e-02]
Vecinos validos [10, 0, 11] 
Persona 24 tiene la siguiente similitud [-0.16158329  0.20410506  0.20216215  0.21741588 -0.05476447  0.02549126
 -0.0881428  -0.15417393 -0.15258551 -0.05723426  0.01474221 -0.09788356
  0.14063412  0.0268451   0.09277467  0.1398109   0.06255218  0.23025706
 -0.10482948 -0.02772877  0.00610717 -0.00197376  0.05002198 -0.08908346]
Vecinos validos [17, 3, 1] 


-- Matriz de utilidad --
0.064 0.566 1.996 4.257 0.168 0.992 2.162 1.158 0.826 0.203 4.350 0.547 2.936 4.327 2.553 1.162 1.625 3.439 1.490 1.925 1.668 2.363 0.877 4.976 4.005 4.010 0.383 4.508 0.187 3.078 1.088 3.682 2.197 3.607 3.072 2.352 1.238 0.493 0.700 4.273 2.671 3.591 2.880 0.677 2.010 3.691 4.675 2.819 1.674 4.709 2.181 1.722 2.711 0.688 0.193 2.625 3.603 2.754 1.469 2.427 1.151 1.111 4.588 1.107 4.505 4.807 4.001 0.980 0.316 4.301 3.359 1.862 3.838 0.530 3.326 1.892 1.933 3.460 1.502 4.175 2.140 3.491 4.349 3.326 0.303 0.555 4.121 0.888 4.032 2.937 4.235 2.646 1.750 4.142 0.991 2.260 2.658 2.984 2.004 4.759 
2.109 3.863 4.759 4.214 1.725 4.307 3.100 4.465 0.979 2.770 3.875 1.118 1.615 1.616 0.331 3.853 4.229 4.146 0.744 3.793 1.871 2.925 4.286 3.259 2.139 4.083 4.978 4.454 4.612 3.730 2.745 4.220 0.200 0.683 1.529 4.481 3.132 1.143 3.755 3.426 3.586 4.946 0.570 4.688 0.299 3.139 4.620 4.193 4.490 1.668 2.048 2.030 2.286 4.009 3.665 0.896 1.567 2.569 1.619 2.630 1.482 2.652 4.916 0.472 2.065 4.273 0.354 3.710 2.731 2.207 4.154 3.206 2.601 2.995 0.059 2.639 2.589 1.373 4.630 2.011 3.091 2.309 4.211 4.701 3.144 0.546 0.553 2.964 0.856 1.961 0.278 0.800 0.168 1.303 2.145 1.031 4.652 1.194 4.485 1.450 
3.018 1.201 0.594 4.216 3.666 2.853 2.618 1.397 3.945 4.883 4.278 1.550 4.529 2.268 1.300 4.016 1.141 4.635 3.504 0.448 0.010 0.490 4.377 3.390 2.494 3.245 2.232 2.599 0.172 1.202 3.962 2.115 3.933 3.692 4.686 3.358 4.198 0.801 4.210 3.919 2.750 2.040 1.658 2.515 3.100 2.934 2.777 4.261 2.602 2.220 4.420 3.115 4.745 4.278 0.304 4.046 4.728 3.673 3.034 0.686 4.026 2.178 4.704 4.013 4.301 0.147 1.933 1.767 1.640 1.867 3.942 3.863 3.875 4.565 2.585 1.475 4.779 4.228 3.913 3.174 4.698 3.051 4.628 0.681 3.955 3.967 1.895 1.496 0.761 0.484 0.590 0.217 2.059 0.510 3.217 2.111 0.607 1.392 1.959 1.731 
1.125 0.784 1.730 1.009 2.728 3.843 0.627 1.116 4.547 2.753 3.175 1.958 0.923 0.247 2.268 2.306 0.057 0.906 3.051 0.280 1.458 0.870 2.124 2.751 2.966 3.491 2.818 0.788 3.149 2.317 0.178 0.051 4.656 1.075 3.204 1.723 0.948 0.671 2.360 3.204 3.697 3.504 2.189 4.237 1.054 4.193 3.360 4.732 0.962 0.888 2.365 2.190 1.246 1.686 4.651 0.061 2.972 1.431 3.704 1.393 3.828 4.628 4.317 1.511 4.599 0.154 1.603 2.173 0.550 3.334 0.382 2.260 1.894 4.418 2.941 2.837 2.012 3.290 0.929 4.200 1.706 0.616 1.400 0.246 1.980 3.351 4.343 0.025 2.518 3.364 1.511 1.350 2.312 2.055 3.306 4.471 1.653 2.138 4.667 0.662 
2.648 0.596 2.809 0.235 1.746 4.520 2.917 0.735 4.754 2.702 1.976 3.009 1.934 0.426 1.338 3.290 2.418 2.525 3.657 4.756 4.363 4.643 0.756 4.704 2.282 0.542 3.143 2.213 0.763 2.907 4.856 3.789 4.719 0.383 4.667 3.520 1.466 3.610 1.174 3.660 4.511 3.124 2.184 0.360 2.465 0.303 3.070 4.962 3.573 2.094 1.141 4.268 3.203 4.685 1.678 4.610 0.982 3.045 4.187 3.082 1.657 0.666 2.564 0.882 3.501 4.101 1.619 3.560 0.202 0.235 2.404 3.859 0.098 1.136 0.969 4.920 0.303 3.360 1.445 1.092 3.625 0.947 3.140 1.766 2.947 4.606 2.975 2.605 1.128 1.550 4.671 1.372 2.843 4.875 0.650 3.564 2.127 1.724 0.145 2.884 
3.798 0.607 2.358 3.137 1.884 0.324 0.190 0.619 3.673 1.387 3.488 3.683 2.497 3.603 1.927 1.057 3.824 3.327 1.960 3.164 1.522 0.362 3.489 2.094 0.613 2.813 2.735 1.976 4.668 1.497 0.995 1.094 1.493 4.565 2.973 1.305 2.100 3.161 4.562 2.278 0.486 0.041 4.496 1.264 4.315 1.390 3.418 1.811 1.784 1.764 2.323 4.481 4.325 2.032 4.507 2.583 3.815 1.808 4.142 2.357 4.298 1.967 3.526 0.411 2.860 4.478 3.398 3.750 2.422 2.849 0.247 0.658 2.921 0.008 4.305 1.870 3.218 0.020 1.985 1.742 0.225 4.630 0.671 4.778 2.857 0.754 0.459 4.924 3.082 4.783 1.678 3.079 3.766 0.487 2.338 2.265 4.590 4.163 2.548 2.954 
2.451 3.735 1.258 2.804 1.889 3.477 4.429 2.890 2.768 1.103 0.090 3.836 1.669 1.934 1.817 2.026 3.549 0.641 3.419 2.592 3.465 3.789 4.876 1.988 1.232 3.659 0.015 0.246 3.035 2.129 4.580 3.340 0.436 3.244 0.448 1.479 1.405 2.597 4.454 0.231 1.852 2.292 0.950 3.572 2.148 1.356 1.792 1.430 1.037 1.599 0.950 3.045 1.759 4.773 1.960 4.283 3.453 4.926 2.724 3.727 3.145 2.401 3.169 2.730 3.602 1.271 3.876 3.884 1.854 0.429 3.412 3.504 3.435 1.818 1.834 3.849 4.981 2.664 0.311 2.279 2.423 4.460 4.190 2.203 4.564 1.632 0.074 0.767 0.768 1.278 1.614 2.813 0.889 4.922 1.133 0.058 4.459 2.197 3.644 0.913 
1.134 0.894 3.245 0.360 1.630 0.130 1.042 2.994 0.587 2.549 4.812 0.523 0.620 3.863 1.885 3.431 4.435 4.938 3.865 3.013 4.379 2.743 0.833 4.638 1.885 3.158 2.923 0.210 4.109 0.473 0.048 4.321 3.578 1.978 1.528 1.698 0.302 0.773 2.803 1.824 2.772 3.288 2.656 3.846 3.899 0.257 1.920 3.483 0.384 3.378 1.267 2.922 3.674 4.920 2.399 3.200 3.887 3.911 3.664 1.000 3.957 2.833 3.465 0.809 1.946 3.891 4.785 2.795 0.731 2.949 0.245 1.121 3.855 0.440 4.174 2.841 3.412 3.027 0.758 4.075 3.186 3.151 3.513 3.827 3.734 1.312 1.718 2.120 4.925 3.519 4.999 3.524 1.480 0.062 2.729 0.257 0.441 3.668 1.143 2.871 
3.332 4.685 2.611 4.398 2.309 2.444 2.409 3.574 3.082 0.790 4.104 1.038 0.205 4.865 0.809 0.533 4.221 2.121 3.808 1.866 1.729 0.927 1.888 1.611 4.921 4.534 4.038 4.042 3.832 4.445 2.177 1.695 1.647 3.441 3.776 1.000 4.115 1.270 4.581 4.524 0.343 2.085 1.415 2.185 2.452 0.347 0.752 3.290 4.666 0.818 2.218 2.239 4.641 2.034 4.269 3.154 3.876 0.262 4.372 3.623 3.244 1.715 1.641 2.407 2.089 1.481 0.650 2.970 3.642 1.818 0.078 0.112 3.998 4.053 4.654 0.202 0.321 2.590 1.689 4.020 1.070 1.427 1.835 2.482 0.533 1.095 4.261 1.474 1.291 1.924 2.822 2.536 4.023 2.035 0.629 2.494 2.212 4.130 1.006 3.308 
0.652 4.982 0.886 4.187 1.557 1.580 2.495 2.722 1.711 0.082 2.691 1.323 2.936 3.269 3.263 1.735 3.135 2.768 4.439 1.127 1.988 0.550 3.622 4.993 2.830 0.486 0.384 2.340 0.380 3.720 3.885 4.559 4.388 1.953 0.684 3.285 4.210 0.120 2.506 4.097 2.455 1.789 0.544 0.378 2.096 0.045 2.079 1.839 2.215 2.226 3.885 3.729 0.960 2.092 4.901 4.799 4.255 3.370 0.041 0.059 3.679 1.671 4.493 4.306 0.264 2.020 3.255 2.345 0.997 3.924 3.508 2.806 1.662 0.658 1.942 3.125 2.974 4.376 0.180 0.442 1.460 4.670 2.115 2.343 0.541 2.793 2.891 2.112 4.527 1.068 4.225 0.791 0.297 3.395 4.745 4.290 0.247 1.062 4.161 0.186 
4.635 3.439 1.551 3.712 3.808 1.444 4.897 2.820 2.215 3.130 2.859 2.490 3.441 1.947 4.288 4.881 0.938 2.770 3.191 0.282 2.675 1.043 0.396 3.071 4.511 3.577 1.149 4.122 4.324 3.071 4.331 0.116 4.734 2.176 4.958 3.783 2.063 1.541 4.271 3.157 2.504 4.008 1.872 3.463 4.219 4.642 4.529 3.376 3.329 2.389 1.820 1.064 2.759 4.949 2.131 4.740 1.839 4.313 4.796 3.389 4.737 1.621 3.176 4.081 3.300 0.673 1.725 2.397 4.182 4.402 0.294 1.920 2.812 4.969 4.906 0.124 1.701 0.909 0.444 0.383 2.378 3.160 2.717 4.327 2.234 3.812 4.178 4.932 2.983 1.319 1.975 4.067 1.815 2.214 1.281 4.469 3.235 0.509 1.442 4.377 
3.020 3.111 0.824 3.745 1.389 1.535 1.809 4.546 4.000 0.044 1.881 0.296 0.647 1.621 4.942 3.163 0.938 1.921 3.168 0.239 1.117 1.454 3.589 4.498 3.629 2.422 0.783 1.427 3.064 2.335 2.912 4.716 0.054 3.939 2.493 2.519 4.790 3.839 2.948 4.343 0.311 3.579 4.942 0.608 2.166 0.862 4.605 4.341 3.911 0.779 4.056 3.548 0.244 1.590 3.099 3.481 3.140 3.792 3.266 2.438 4.863 1.750 0.825 0.610 2.257 0.115 2.947 3.766 3.351 2.012 0.684 0.150 4.430 3.305 4.648 2.681 1.667 2.424 2.017 2.473 4.947 1.566 1.961 4.138 3.866 1.618 3.819 2.544 0.882 1.592 2.662 3.194 3.175 4.652 2.267 4.606 2.748 2.319 3.863 2.336 
0.036 1.986 3.620 2.325 1.206 3.189 2.669 4.933 4.849 3.879 3.982 4.153 0.264 0.075 3.001 4.752 0.703 2.377 0.886 1.197 0.834 1.765 2.940 2.154 3.482 2.438 1.132 4.444 2.453 1.749 0.792 1.358 3.526 1.081 1.005 0.411 2.599 1.531 3.141 1.682 3.069 0.202 4.919 0.242 2.883 4.093 4.627 2.143 1.737 1.706 0.486 4.887 2.244 2.115 4.897 2.608 0.517 3.576 2.855 0.126 3.667 2.721 4.517 0.722 1.262 2.862 3.244 0.580 2.766 0.374 1.558 2.060 0.169 4.166 1.071 2.113 0.344 2.977 4.097 3.697 1.341 1.899 3.795 4.664 2.021 2.110 1.915 1.115 1.461 4.297 2.226 0.731 4.969 2.321 0.100 3.618 0.200 0.510 2.080 1.547 
4.222 3.448 2.690 4.838 0.403 3.817 2.208 3.735 2.800 0.888 2.957 2.075 3.981 1.913 2.938 4.004 4.477 0.720 4.281 4.740 2.802 2.031 3.642 2.762 3.684 2.104 1.652 1.558 2.911 1.284 2.782 1.182 3.816 3.526 0.034 4.738 0.733 3.556 2.362 1.661 4.045 2.079 1.085 2.845 1.916 1.352 0.313 1.445 1.299 1.651 4.932 4.910 3.762 4.107 1.099 0.287 4.718 0.942 0.746 2.444 3.138 3.563 0.125 4.558 1.306 1.985 1.703 2.576 2.107 4.413 0.294 4.218 3.398 0.219 4.431 4.459 4.226 4.646 1.335 1.849 2.163 2.552 3.164 0.082 1.614 3.253 1.993 0.550 0.960 2.315 0.733 4.874 2.819 4.899 1.370 0.284 0.526 1.385 4.742 2.827 
2.145 1.993 4.364 2.012 4.445 0.902 2.041 0.359 2.170 1.451 0.245 2.860 1.140 1.194 3.773 1.879 4.778 4.893 0.057 2.674 4.342 4.003 0.529 2.030 3.766 1.008 0.580 3.197 2.447 0.983 3.788 1.314 0.803 2.341 0.374 1.961 1.836 2.290 1.853 1.375 2.933 4.147 1.347 2.951 2.313 0.027 1.774 2.034 1.710 4.659 1.462 0.324 2.231 0.920 1.637 4.616 2.395 4.674 0.518 3.473 1.091 1.111 2.589 4.294 1.298 4.759 0.662 4.038 1.207 0.551 3.938 2.045 1.380 3.974 0.343 3.683 0.036 2.902 2.599 2.008 2.960 1.704 0.385 2.440 1.351 4.410 4.977 1.267 2.606 4.688 1.250 0.338 0.173 1.224 3.604 1.256 2.520 2.840 3.046 3.268 
0.677 1.989 3.497 1.485 4.979 3.875 1.645 3.465 2.568 1.226 1.589 1.755 1.285 1.159 2.411 3.292 4.929 4.100 2.970 0.236 0.838 3.345 4.164 1.890 4.370 2.863 1.931 4.477 3.083 3.025 3.110 3.190 1.418 3.454 3.567 0.778 3.161 1.374 3.759 4.543 3.722 2.604 2.090 4.081 2.818 1.502 3.671 3.341 0.743 1.131 0.547 1.800 3.579 3.611 4.225 2.634 4.465 3.275 3.719 4.269 2.002 3.156 3.760 4.552 0.143 3.018 2.300 3.147 1.268 1.338 0.976 0.749 4.169 3.580 3.993 3.098 3.506 4.193 4.321 2.262 3.177 4.456 4.916 4.872 1.792 0.964 1.798 0.199 2.965 0.908 1.011 4.535 0.755 2.419 0.754 1.704 4.836 4.248 0.038 1.857 
0.305 1.129 1.607 3.708 2.286 2.420 0.734 0.912 4.755 2.631 4.241 1.615 0.327 1.573 0.045 1.594 4.859 1.923 4.398 3.774 4.729 3.415 4.526 1.183 0.921 4.607 1.677 4.862 2.681 1.853 1.436 2.033 0.070 4.397 4.763 1.140 4.213 4.359 3.517 2.801 3.699 3.469 4.129 3.209 4.213 2.735 0.058 3.382 0.723 1.286 2.226 4.438 0.337 0.750 2.985 4.580 2.182 2.503 4.664 2.591 4.934 0.458 3.067 3.611 4.861 2.610 2.540 2.108 1.207 2.316 0.783 3.780 3.199 3.380 4.601 4.035 0.327 4.129 4.958 1.368 2.690 3.878 2.288 2.438 2.004 3.123 0.330 4.025 4.919 0.568 3.064 4.415 1.241 4.221 0.832 3.637 2.991 2.135 0.093 4.384 
3.864 1.039 3.869 1.742 4.810 1.259 3.280 4.679 1.651 3.174 3.726 0.777 4.338 0.785 3.093 4.375 2.825 4.115 4.248 1.789 3.037 1.156 1.261 4.272 4.277 4.011 1.521 3.123 0.432 4.375 4.811 3.602 3.191 4.748 3.309 1.989 2.343 1.512 1.719 3.913 3.348 0.130 0.727 3.686 2.632 1.268 4.603 3.257 3.631 2.082 4.267 1.243 3.702 4.643 1.220 3.123 2.657 1.073 0.808 3.780 3.556 3.993 0.564 2.875 0.668 2.316 1.698 0.625 1.707 4.834 2.001 1.725 2.797 3.527 3.841 0.041 1.697 2.641 3.201 0.257 4.250 2.474 0.944 1.270 1.951 3.600 2.136 0.602 1.019 2.671 0.234 2.588 1.518 0.409 1.532 4.768 0.058 4.622 2.619 1.313 
3.229 0.585 0.757 3.621 2.830 0.983 4.452 3.236 2.909 0.250 2.696 3.605 2.744 3.896 3.531 3.920 1.533 2.808 0.415 4.570 4.181 1.836 4.871 2.860 0.570 0.228 2.440 0.827 3.354 1.125 4.079 1.685 0.815 2.212 1.100 1.727 0.339 3.083 0.552 0.532 1.859 4.345 1.790 1.762 4.231 2.792 2.637 1.166 1.647 3.845 0.576 0.481 3.305 1.107 3.702 4.861 3.447 3.634 2.117 4.885 3.211 1.835 0.678 3.065 2.533 4.802 1.432 2.593 0.836 3.855 3.297 4.507 3.865 3.680 1.034 1.560 2.364 4.878 0.175 1.561 4.647 1.989 1.312 3.949 3.845 0.470 2.201 3.392 1.469 4.264 1.648 4.044 3.915 0.810 4.568 3.224 2.875 0.384 1.077 0.857 
3.041 0.216 2.527 0.648 3.678 3.592 3.515 2.102 3.945 0.343 0.454 2.856 2.323 1.667 4.079 3.318 2.675 0.015 4.679 4.840 2.310 0.017 4.056 1.308 0.408 1.718 2.240 2.425 0.391 2.286 4.377 3.555 2.070 0.430 4.854 0.984 1.824 4.413 0.465 4.629 4.652 0.615 1.042 4.701 0.771 3.919 3.850 4.319 3.785 1.805 0.943 4.824 1.572 0.231 2.845 3.084 1.111 0.742 4.619 0.003 4.195 2.950 4.597 3.225 1.159 1.806 1.236 2.774 4.540 0.034 0.759 4.030 2.215 0.823 4.899 0.261 2.929 1.596 1.639 1.990 2.131 2.614 1.484 2.315 2.288 1.832 1.248 1.385 4.069 0.076 0.667 0.305 0.816 0.755 3.977 3.740 4.436 3.540 4.309 0.042 
2.475 3.506 2.171 2.207 1.071 3.544 3.815 0.264 1.518 4.202 1.004 3.170 1.204 3.227 4.024 1.117 4.741 4.326 3.166 4.443 2.372 3.389 2.564 3.262 4.620 3.323 2.534 4.340 3.130 4.075 2.740 4.046 1.809 2.893 0.927 1.734 3.212 3.025 4.539 0.144 0.346 4.114 0.265 1.051 2.911 0.393 0.333 2.130 2.751 1.144 2.996 2.803 1.739 2.541 2.803 4.669 3.183 1.518 2.602 0.776 1.718 4.767 0.839 0.657 4.301 2.747 2.751 3.345 2.958 1.493 2.936 0.806 0.595 2.400 2.948 3.789 1.670 2.535 4.751 4.097 3.585 4.977 3.029 4.728 4.286 2.609 4.417 4.768 3.376 1.562 1.419 2.370 0.105 4.611 4.878 4.547 2.867 3.591 3.645 4.486 
3.534 2.315 2.882 0.298 2.692 4.213 1.570 0.273 4.912 2.886 1.021 2.211 4.952 4.945 4.157 2.285 0.042 2.898 2.537 0.867 0.582 3.627 3.404 1.158 1.059 0.810 2.279 1.029 4.226 0.790 3.981 1.551 4.629 3.819 1.241 2.297 1.611 3.033 4.534 0.175 1.480 4.451 0.392 1.517 1.191 3.286 2.043 2.809 3.541 1.397 1.811 4.718 2.032 4.510 1.882 2.279 4.611 0.491 1.714 1.077 1.805 2.072 4.379 1.837 1.869 0.016 2.544 4.332 1.708 3.926 3.752 3.600 4.280 1.270 3.025 0.607 0.981 3.268 0.813 1.016 3.916 1.330 0.115 3.500 4.374 1.665 4.508 1.274 2.659 3.122 4.867 3.640 1.279 4.253 4.806 0.519 4.686 3.142 0.526 3.142 
3.240 0.229 3.811 4.866 1.559 3.848 3.255 2.045 0.554 1.398 2.570 1.165 4.280 0.834 3.297 3.968 0.255 0.098 2.306 2.765 0.542 3.451 1.742 2.195 0.562 1.611 1.192 1.599 3.082 1.073 2.764 2.312 2.815 2.536 0.236 0.927 3.389 2.564 0.307 0.182 3.699 1.136 3.131 0.337 2.030 0.041 1.997 1.069 4.216 3.686 2.127 2.600 3.428 3.489 1.806 0.038 3.661 0.304 2.390 4.644 3.335 1.536 2.031 1.770 2.935 2.481 1.159 3.287 3.275 4.927 0.823 2.688 4.091 4.925 0.012 2.582 4.045 2.417 2.666 3.644 0.215 0.243 3.811 2.795 4.153 1.345 2.708 0.043 3.616 4.424 1.357 3.579 4.173 1.757 3.298 0.271 4.261 1.488 0.739 0.037 
2.003 2.195 3.162 4.015 1.612 3.666 2.486 0.100 2.495 2.443 2.294 2.825 1.819 2.134 3.926 1.851 2.686 3.296 3.430 3.493 4.267 0.069 3.045 0.282 4.360 0.160 4.046 3.551 3.336 0.922 3.928 0.926 0.564 4.720 2.766 0.714 1.118 2.682 2.908 2.549 0.064 3.982 4.917 4.879 0.775 2.344 2.936 2.644 3.119 2.785 1.990 1.412 0.949 4.073 0.294 0.585 3.081 4.848 1.070 0.813 4.469 1.254 0.226 0.672 3.852 4.435 0.641 2.073 4.004 3.120 1.023 1.392 2.129 2.650 0.712 4.356 2.747 0.076 1.050 2.922 3.145 0.223 2.635 4.319 0.254 0.029 4.732 2.141 3.000 1.190 0.833 0.547 3.279 0.039 1.510 2.019 2.855 1.301 4.700 4.865 
0.643 0.128 1.173 3.265 3.772 0.708 1.035 0.059 0.793 4.649 2.087 2.917 3.144 1.014 0.727 3.011 2.737 4.528 0.286 0.164 4.499 1.304 4.234 2.826 3.170 2.858 1.087 1.440 3.820 0.624 1.138 4.146 2.779 1.147 0.184 1.894 0.937 0.296 4.625 1.641 4.016 2.649 4.453 2.748 0.644 1.352 3.989 3.622 4.468 0.267 4.895 2.193 4.240 2.471 1.876 4.520 0.006 1.775 0.704 3.524 3.078 3.719 3.199 2.387 1.189 4.410 4.049 2.134 1.724 3.526 2.135 2.110 0.372 0.964 3.780 3.766 2.080 3.209 3.916 2.674 1.407 3.689 1.602 0.279 0.906 3.019 2.537 2.471 1.063 2.393 0.951 2.037 3.438 3.065 4.165 2.784 2.897 4.152 1.640 0.880 
